==========================================================================================
MCQ Item Calibration Writing                               Fri Mar 31 12:00 2023
FIT ESTIMATES
Group: All Cases
==========================================================================================
                           UNWEIGHTED FIT               WEIGHTED FIT
                     --------------------------  --------------------------
Statistic            MNSQ        CI        T      MNSQ       CI        T
==========================================================================================
Fit 1                 0.88 ( 0.95, 1.05)  -4.68   0.90 ( 0.95, 1.05)  -4.06
Fit 2                 0.94 ( 0.95, 1.05)  -2.39   0.94 ( 0.95, 1.05)  -2.30
Fit 3                 0.88 ( 0.95, 1.05)  -4.75   0.90 ( 0.95, 1.05)  -3.77
Fit 4                 0.88 ( 0.95, 1.05)  -4.89   0.91 ( 0.95, 1.05)  -3.49
Fit 5                 1.20 ( 0.95, 1.05)   7.50   1.12 ( 0.95, 1.05)   4.13
Fit 6                 0.85 ( 0.95, 1.05)  -5.97   0.87 ( 0.95, 1.05)  -5.04
Fit 7                 1.62 ( 0.95, 1.05)  20.39   1.38 ( 0.95, 1.05)  12.48
Fit 8                 1.03 ( 0.92, 1.08)   0.75   1.03 ( 0.92, 1.08)   0.73
Fit 9                 1.00 ( 0.93, 1.07)   0.07   1.00 ( 0.93, 1.07)   0.07
Fit 10                0.88 ( 0.92, 1.08)  -3.13   0.89 ( 0.92, 1.08)  -2.84
Fit 11                0.94 ( 0.92, 1.08)  -1.58   0.93 ( 0.92, 1.08)  -1.80
Fit 12                0.86 ( 0.92, 1.08)  -3.84   0.87 ( 0.92, 1.08)  -3.26
Fit 13                0.88 ( 0.92, 1.08)  -3.11   0.91 ( 0.92, 1.08)  -2.18
Fit 14                1.11 ( 0.92, 1.08)   2.71   1.07 ( 0.92, 1.08)   1.62
Fit 15                0.84 ( 0.92, 1.08)  -4.28   0.86 ( 0.92, 1.08)  -3.59
Fit 16                1.52 ( 0.92, 1.08)  11.60   1.36 ( 0.92, 1.08)   7.77
Fit 17                0.88 ( 0.93, 1.07)  -3.47   0.90 ( 0.93, 1.07)  -2.89
Fit 18                0.94 ( 0.93, 1.07)  -1.79   0.95 ( 0.93, 1.07)  -1.47
Fit 19                0.90 ( 0.93, 1.07)  -2.93   0.93 ( 0.93, 1.07)  -2.13
Fit 20                0.88 ( 0.93, 1.07)  -3.77   0.91 ( 0.93, 1.07)  -2.72
Fit 21                1.28 ( 0.93, 1.07)   7.54   1.16 ( 0.93, 1.07)   4.12
Fit 22                0.86 ( 0.93, 1.07)  -4.18   0.88 ( 0.93, 1.07)  -3.53
Fit 23                1.70 ( 0.93, 1.07)  16.92   1.40 ( 0.93, 1.07)   9.80
Fit 24                0.05 ( 0.92, 1.08) -48.42   1.01 ( 0.03, 1.97)   0.17
Fit 25                0.16 ( 0.92, 1.08) -35.88   0.80 ( 0.79, 1.21)  -1.92
Fit 26                0.62 ( 0.92, 1.08) -11.58   0.94 ( 0.91, 1.09)  -1.32
Fit 27                0.84 ( 0.92, 1.08)  -4.24   0.95 ( 0.94, 1.06)  -1.38
Fit 28                0.59 ( 0.92, 1.08) -12.54   0.91 ( 0.92, 1.08)  -2.18
Fit 29                0.30 ( 0.92, 1.08) -25.54   0.90 ( 0.85, 1.15)  -1.36
Fit 30                0.14 ( 0.92, 1.08) -37.02   1.02 ( 0.43, 1.57)   0.17
Fit 31                0.12 ( 0.92, 1.08) -39.75   1.81 ( 0.15, 1.85)   1.66
Fit 32                0.41 ( 0.92, 1.08) -19.72   0.99 ( 0.82, 1.18)  -0.09
Fit 33                0.73 ( 0.92, 1.08)  -7.86   0.99 ( 0.92, 1.08)  -0.18
Fit 34                0.82 ( 0.92, 1.08)  -4.86   0.98 ( 0.93, 1.07)  -0.59
Fit 35                0.60 ( 0.92, 1.08) -12.14   0.92 ( 0.91, 1.09)  -1.86
Fit 36                0.31 ( 0.92, 1.08) -25.18   0.89 ( 0.84, 1.16)  -1.48
Fit 37                0.03 ( 0.92, 1.08) -53.10   0.75 ( 0.43, 1.57)  -0.83
Fit 38                0.02 ( 0.92, 1.08) -54.92   0.74 ( 0.40, 1.60)  -0.86
Fit 39                1.28 ( 0.92, 1.08)   6.64   0.87 ( 0.83, 1.17)  -1.59
Fit 40                0.67 ( 0.92, 1.08)  -9.74   0.89 ( 0.92, 1.08)  -2.79
Fit 41                0.74 ( 0.92, 1.08)  -7.26   0.91 ( 0.93, 1.07)  -2.62
Fit 42                0.42 ( 0.92, 1.08) -19.44   0.91 ( 0.89, 1.11)  -1.54
Fit 43                0.18 ( 0.92, 1.08) -33.79   0.99 ( 0.68, 1.32)  -0.06
Fit 44                0.08 ( 0.92, 1.08) -44.67   0.60 ( 0.26, 1.74)  -1.14
Fit 45                1.61 ( 0.92, 1.08)  13.30   0.86 ( 0.81, 1.19)  -1.52
Fit 46                0.85 ( 0.92, 1.08)  -4.14   0.92 ( 0.92, 1.08)  -2.03
Fit 47                0.82 ( 0.92, 1.08)  -5.09   0.94 ( 0.93, 1.07)  -1.79
Fit 48                0.35 ( 0.92, 1.08) -23.07   0.92 ( 0.87, 1.13)  -1.21
Fit 49                0.12 ( 0.92, 1.08) -38.97   1.07 ( 0.49, 1.51)   0.34
Fit 50                0.03 ( 0.92, 1.08) -52.28   0.71 ( 0.35, 1.65)  -0.89
Fit 51                1.36 ( 0.92, 1.08)   8.44   0.98 ( 0.83, 1.17)  -0.18
Fit 52                1.27 ( 0.92, 1.08)   6.49   1.07 ( 0.92, 1.08)   1.59
Fit 53                0.96 ( 0.92, 1.08)  -1.13   1.09 ( 0.92, 1.08)   2.02
Fit 54                0.34 ( 0.92, 1.08) -23.66   1.08 ( 0.80, 1.20)   0.85
Fit 55                0.02 ( 0.92, 1.08) -56.79   0.66 ( 0.21, 1.79)  -0.85
Fit 56                0.16 ( 0.92, 1.08) -35.76   0.73 ( 0.79, 1.21)  -2.75
Fit 57                0.57 ( 0.92, 1.08) -13.15   0.86 ( 0.91, 1.09)  -3.30
Fit 58                0.75 ( 0.92, 1.08)  -7.15   0.91 ( 0.93, 1.07)  -2.82
Fit 59                0.56 ( 0.92, 1.08) -13.71   0.93 ( 0.91, 1.09)  -1.63
Fit 60                0.36 ( 0.92, 1.08) -22.50   0.97 ( 0.83, 1.17)  -0.35
Fit 61                0.25 ( 0.92, 1.08) -28.77   1.05 ( 0.40, 1.60)   0.25
Fit 62                0.00 ( 0.92, 1.08) -64.35   0.48 ( 0.16, 1.84)  -1.40
Fit 63              316.03 ( 0.92, 1.08) 451.12   1.16 ( 0.79, 1.21)   1.47
Fit 64                1.79 ( 0.92, 1.08)  16.55   1.23 ( 0.91, 1.09)   4.89
Fit 65                2.19 ( 0.92, 1.08)  23.14   1.30 ( 0.92, 1.08)   6.59
Fit 66                5.71 ( 0.92, 1.08)  61.13   1.44 ( 0.83, 1.17)   4.50
Fit 67                0.00 ( 0.93, 1.07) -73.49   0.86 ( 0.00, 2.52)   0.03
Fit 68                0.23 ( 0.93, 1.07) -33.67   0.85 ( 0.73, 1.27)  -1.13
Fit 69                0.51 ( 0.93, 1.07) -17.55   0.89 ( 0.91, 1.09)  -2.48
Fit 70                0.82 ( 0.93, 1.07)  -5.65   0.91 ( 0.94, 1.06)  -2.89
Fit 71                0.70 ( 0.93, 1.07)  -9.73   0.93 ( 0.93, 1.07)  -2.13
Fit 72                0.74 ( 0.93, 1.07)  -8.24   0.98 ( 0.88, 1.12)  -0.35
Fit 73                0.17 ( 0.93, 1.07) -39.13   1.01 ( 0.64, 1.36)   0.12
Fit 74                0.01 ( 0.93, 1.07) -66.08   1.13 ( 0.00, 2.52)   0.39
Fit 75                0.22 ( 0.93, 1.07) -34.37   0.93 ( 0.77, 1.23)  -0.57
Fit 76                0.65 ( 0.93, 1.07) -11.48   0.99 ( 0.92, 1.08)  -0.24
Fit 77                0.86 ( 0.93, 1.07)  -4.24   1.00 ( 0.94, 1.06)  -0.10
Fit 78                0.68 ( 0.93, 1.07) -10.59   0.97 ( 0.93, 1.07)  -0.77
Fit 79                0.37 ( 0.93, 1.07) -24.73   0.93 ( 0.87, 1.13)  -1.06
Fit 80                0.04 ( 0.93, 1.07) -58.19   0.84 ( 0.58, 1.42)  -0.73
Fit 81                0.00 ( 0.93, 1.07) -73.29   0.84 ( 0.00, 2.52)   0.02
Fit 82                0.38 ( 0.93, 1.07) -24.00   0.90 ( 0.80, 1.20)  -1.01
Fit 83                0.80 ( 0.93, 1.07)  -6.18   0.94 ( 0.92, 1.08)  -1.60
Fit 84                0.88 ( 0.93, 1.07)  -3.54   0.95 ( 0.94, 1.06)  -1.51
Fit 85                0.64 ( 0.93, 1.07) -12.04   0.95 ( 0.91, 1.09)  -1.03
Fit 86                0.13 ( 0.93, 1.07) -42.66   0.87 ( 0.76, 1.24)  -1.05
Fit 87                0.01 ( 0.93, 1.07) -71.07   0.70 ( 0.02, 1.98)  -0.60
Fit 88                3.32 ( 0.93, 1.07)  43.01   0.99 ( 0.77, 1.23)  -0.01
Fit 89                0.73 ( 0.93, 1.07)  -8.58   0.91 ( 0.92, 1.08)  -2.29
Fit 90                0.82 ( 0.93, 1.07)  -5.46   0.90 ( 0.94, 1.06)  -3.16
Fit 91                0.51 ( 0.93, 1.07) -17.69   0.91 ( 0.90, 1.10)  -1.84
Fit 92                0.12 ( 0.93, 1.07) -44.51   1.07 ( 0.62, 1.38)   0.41
Fit 93                0.00 ( 0.93, 1.07) -73.83   0.80 ( 0.00, 2.52)  -0.11
Fit 94                1.31 ( 0.93, 1.07)   8.20   1.17 ( 0.76, 1.24)   1.36
Fit 95                1.15 ( 0.93, 1.07)   4.22   1.11 ( 0.92, 1.08)   2.73
Fit 96                1.32 ( 0.93, 1.07)   8.51   1.14 ( 0.93, 1.07)   3.62
Fit 97                1.37 ( 0.93, 1.07)   9.69   1.24 ( 0.85, 1.15)   2.88
Fit 98                0.01 ( 0.93, 1.07) -69.45   0.95 ( 0.00, 2.18)   0.06
Fit 99                0.10 ( 0.93, 1.07) -46.78   0.74 ( 0.74, 1.26)  -2.15
Fit 100               0.51 ( 0.93, 1.07) -17.67   0.88 ( 0.91, 1.09)  -2.65
Fit 101               0.89 ( 0.93, 1.07)  -3.41   0.92 ( 0.94, 1.06)  -2.57
Fit 102               0.63 ( 0.93, 1.07) -12.36   0.92 ( 0.93, 1.07)  -2.32
Fit 103               0.39 ( 0.93, 1.07) -23.45   0.91 ( 0.85, 1.15)  -1.16
Fit 104               0.10 ( 0.93, 1.07) -47.30   1.08 ( 0.30, 1.70)   0.31
Fit 105               0.00 ( 0.93, 1.07) -73.86   0.80 ( 0.00, 2.52)  -0.11
Fit 106              10.74 ( 0.93, 1.07) 105.35   1.15 ( 0.75, 1.25)   1.17
Fit 107               3.41 ( 0.93, 1.07)  44.05   1.29 ( 0.92, 1.08)   6.41
Fit 108               2.14 ( 0.93, 1.07)  25.22   1.35 ( 0.93, 1.07)   8.84
Fit 109               1.97 ( 0.93, 1.07)  22.12   1.45 ( 0.87, 1.13)   6.12
==========================================================================================
Mean                 3.756               _BIG_  0.975               -0.252
==========================================================================================
