==========================================================================================
MCQ Item Calibration Writing                               Fri Mar 31 11:57 2023
FIT ESTIMATES
Group: All Cases
==========================================================================================
                           UNWEIGHTED FIT               WEIGHTED FIT
                     --------------------------  --------------------------
Statistic            MNSQ        CI        T      MNSQ       CI        T
==========================================================================================
Fit 1                 0.89 ( 0.95, 1.05)  -4.56   0.90 ( 0.95, 1.05)  -4.02
Fit 2                 0.94 ( 0.95, 1.05)  -2.56   0.94 ( 0.95, 1.05)  -2.35
Fit 3                 0.89 ( 0.95, 1.05)  -4.65   0.90 ( 0.95, 1.05)  -3.75
Fit 4                 0.89 ( 0.95, 1.05)  -4.61   0.91 ( 0.95, 1.05)  -3.34
Fit 5                 1.19 ( 0.95, 1.05)   6.92   1.11 ( 0.95, 1.05)   3.77
Fit 6                 0.85 ( 0.95, 1.05)  -6.19   0.87 ( 0.95, 1.05)  -5.19
Fit 7                 1.59 ( 0.95, 1.05)  19.59   1.38 ( 0.95, 1.05)  12.42
Fit 8                 1.01 ( 0.92, 1.08)   0.24   1.01 ( 0.92, 1.08)   0.36
Fit 9                 1.00 ( 0.93, 1.07)   0.11   1.01 ( 0.93, 1.07)   0.18
Fit 10                0.90 ( 0.92, 1.08)  -2.64   0.91 ( 0.92, 1.08)  -2.40
Fit 11                0.96 ( 0.92, 1.08)  -1.03   0.96 ( 0.92, 1.08)  -1.00
Fit 12                0.88 ( 0.92, 1.08)  -3.18   0.90 ( 0.92, 1.08)  -2.65
Fit 13                0.90 ( 0.92, 1.08)  -2.64   0.93 ( 0.92, 1.08)  -1.78
Fit 14                1.15 ( 0.92, 1.08)   3.77   1.09 ( 0.92, 1.08)   2.18
Fit 15                0.87 ( 0.92, 1.08)  -3.44   0.89 ( 0.92, 1.08)  -2.78
Fit 16                1.48 ( 0.92, 1.08)  10.90   1.36 ( 0.92, 1.08)   7.79
Fit 17                0.88 ( 0.93, 1.07)  -3.74   0.89 ( 0.93, 1.07)  -3.24
Fit 18                0.92 ( 0.93, 1.07)  -2.52   0.92 ( 0.93, 1.07)  -2.23
Fit 19                0.89 ( 0.93, 1.07)  -3.39   0.91 ( 0.93, 1.07)  -2.66
Fit 20                0.87 ( 0.93, 1.07)  -3.81   0.90 ( 0.93, 1.07)  -2.88
Fit 21                1.22 ( 0.93, 1.07)   5.91   1.12 ( 0.93, 1.07)   3.12
Fit 22                0.83 ( 0.93, 1.07)  -5.23   0.85 ( 0.93, 1.07)  -4.46
Fit 23                1.68 ( 0.93, 1.07)  16.46   1.40 ( 0.93, 1.07)   9.70
Fit 24                0.02 ( 0.95, 1.05) -83.32   1.11 ( 0.22, 1.78)   0.41
Fit 25                0.14 ( 0.95, 1.05) -55.60   0.81 ( 0.83, 1.17)  -2.37
Fit 26                0.55 ( 0.95, 1.05) -21.24   0.92 ( 0.94, 1.06)  -2.68
Fit 27                0.84 ( 0.95, 1.05)  -6.54   0.93 ( 0.96, 1.04)  -3.01
Fit 28                0.65 ( 0.95, 1.05) -15.76   0.93 ( 0.95, 1.05)  -2.90
Fit 29                0.51 ( 0.95, 1.05) -23.56   0.95 ( 0.91, 1.09)  -1.03
Fit 30                0.17 ( 0.95, 1.05) -51.83   1.02 ( 0.69, 1.31)   0.18
Fit 31                0.05 ( 0.95, 1.05) -72.72   1.55 ( 0.28, 1.72)   1.37
Fit 32                0.54 ( 0.95, 1.05) -21.63   0.95 ( 0.86, 1.14)  -0.76
Fit 33                0.69 ( 0.95, 1.05) -13.70   0.98 ( 0.94, 1.06)  -0.61
Fit 34                0.83 ( 0.95, 1.05)  -7.03   0.99 ( 0.96, 1.04)  -0.58
Fit 35                0.64 ( 0.95, 1.05) -16.03   0.96 ( 0.95, 1.05)  -1.54
Fit 36                0.30 ( 0.95, 1.05) -38.96   0.93 ( 0.90, 1.10)  -1.47
Fit 37                0.04 ( 0.95, 1.05) -78.43   0.83 ( 0.66, 1.34)  -0.98
Fit 38                0.02 ( 0.95, 1.05) -86.22   0.77 ( 0.42, 1.58)  -0.84
Fit 39                0.95 ( 0.95, 1.05)  -1.85   0.87 ( 0.87, 1.13)  -2.00
Fit 40                0.75 ( 0.95, 1.05) -10.82   0.91 ( 0.95, 1.05)  -3.19
Fit 41                0.81 ( 0.95, 1.05)  -8.09   0.93 ( 0.95, 1.05)  -2.90
Fit 42                0.53 ( 0.95, 1.05) -22.35   0.94 ( 0.93, 1.07)  -1.71
Fit 43                0.15 ( 0.95, 1.05) -55.11   0.92 ( 0.81, 1.19)  -0.81
Fit 44                0.03 ( 0.95, 1.05) -79.66   0.73 ( 0.40, 1.60)  -0.90
Fit 45                1.72 ( 0.95, 1.05)  23.07   0.91 ( 0.86, 1.14)  -1.20
Fit 46                0.80 ( 0.95, 1.05)  -8.16   0.91 ( 0.94, 1.06)  -3.09
Fit 47                0.84 ( 0.95, 1.05)  -6.43   0.92 ( 0.95, 1.05)  -3.40
Fit 48                0.44 ( 0.95, 1.05) -27.70   0.93 ( 0.92, 1.08)  -1.96
Fit 49                0.13 ( 0.95, 1.05) -57.68   1.09 ( 0.70, 1.30)   0.64
Fit 50                0.02 ( 0.95, 1.05) -86.16   0.65 ( 0.40, 1.60)  -1.23
Fit 51                1.29 ( 0.95, 1.05)  10.23   1.03 ( 0.86, 1.14)   0.38
Fit 52                1.25 ( 0.95, 1.05)   9.02   1.08 ( 0.94, 1.06)   2.75
Fit 53                1.16 ( 0.95, 1.05)   5.98   1.11 ( 0.95, 1.05)   3.79
Fit 54                0.86 ( 0.95, 1.05)  -5.80   1.17 ( 0.88, 1.12)   2.61
Fit 55                0.03 ( 0.95, 1.05) -79.71   0.77 ( 0.34, 1.66)  -0.64
Fit 56                0.14 ( 0.95, 1.05) -56.27   0.73 ( 0.84, 1.16)  -3.70
Fit 57                0.53 ( 0.95, 1.05) -22.57   0.86 ( 0.94, 1.06)  -4.49
Fit 58                0.81 ( 0.95, 1.05)  -7.79   0.91 ( 0.95, 1.05)  -3.91
Fit 59                0.60 ( 0.95, 1.05) -18.20   0.92 ( 0.94, 1.06)  -2.82
Fit 60                0.34 ( 0.95, 1.05) -35.03   0.93 ( 0.89, 1.11)  -1.22
Fit 61                0.20 ( 0.95, 1.05) -48.33   1.08 ( 0.56, 1.44)   0.40
Fit 62                0.00 ( 0.95, 1.05) -98.38   0.54 ( 0.28, 1.72)  -1.44
Fit 63              176.90 ( 0.95, 1.05) 539.00   1.15 ( 0.84, 1.16)   1.81
Fit 64                2.67 ( 0.95, 1.05)  45.19   1.25 ( 0.94, 1.06)   7.88
Fit 65                2.12 ( 0.95, 1.05)  33.21   1.33 ( 0.95, 1.05)  10.98
Fit 66                3.47 ( 0.95, 1.05)  60.04   1.46 ( 0.90, 1.10)   7.77
==========================================================================================
Mean                 3.473               -8.988  0.981               -0.358
==========================================================================================
