==========================================================================================
MCQ Item Calibration MST                                   Tue Mar 28 12:11 2023
FIT ESTIMATES
Group: All Cases
==========================================================================================
                           UNWEIGHTED FIT               WEIGHTED FIT
                     --------------------------  --------------------------
Statistic            MNSQ        CI        T      MNSQ       CI        T
==========================================================================================
Fit 1                 1.01 ( 0.95, 1.05)   0.38   0.98 ( 0.93, 1.07)  -0.69
Fit 2                 1.17 ( 0.95, 1.05)   6.06   1.11 ( 0.97, 1.03)   5.76
Fit 3                 1.01 ( 0.95, 1.05)   0.50   1.00 ( 0.97, 1.03)   0.11
Fit 4                 0.83 ( 0.95, 1.05)  -7.02   0.90 ( 0.95, 1.05)  -3.98
Fit 5                 0.96 ( 0.95, 1.05)  -1.50   0.97 ( 0.97, 1.03)  -2.04
Fit 6                 0.90 ( 0.95, 1.05)  -3.85   0.93 ( 0.97, 1.03)  -4.17
Fit 7                 0.90 ( 0.95, 1.05)  -4.15   0.93 ( 0.96, 1.04)  -3.95
Fit 8                 1.27 ( 0.95, 1.05)   9.60   1.19 ( 0.97, 1.03)  11.44
Fit 9                 1.12 ( 0.95, 1.05)   4.40   1.09 ( 0.97, 1.03)   5.59
Fit 10                0.74 ( 0.95, 1.05) -11.12   0.91 ( 0.94, 1.06)  -3.13
Fit 11                1.04 ( 0.95, 1.05)   1.40   1.02 ( 0.97, 1.03)   1.05
Fit 12                0.94 ( 0.95, 1.05)  -2.46   0.96 ( 0.97, 1.03)  -2.72
Fit 13                0.97 ( 0.95, 1.05)  -1.04   0.98 ( 0.97, 1.03)  -1.46
Fit 14                0.92 ( 0.95, 1.05)  -3.07   0.93 ( 0.97, 1.03)  -4.65
Fit 15                0.92 ( 0.95, 1.05)  -3.22   0.93 ( 0.97, 1.03)  -4.28
Fit 16                1.01 ( 0.95, 1.05)   0.32   1.00 ( 0.97, 1.03)   0.28
Fit 17                1.09 ( 0.95, 1.05)   3.43   1.07 ( 0.97, 1.03)   4.18
Fit 18                1.28 ( 0.95, 1.05)   9.95   1.20 ( 0.97, 1.03)  12.26
Fit 19                1.11 ( 0.95, 1.05)   4.24   1.08 ( 0.97, 1.03)   4.67
Fit 20                0.84 ( 0.95, 1.05)  -6.41   0.88 ( 0.97, 1.03)  -8.45
Fit 21                0.88 ( 0.95, 1.05)  -4.65   0.89 ( 0.97, 1.03)  -6.31
Fit 22                0.92 ( 0.95, 1.05)  -3.23   0.92 ( 0.97, 1.03)  -5.08
Fit 23                1.05 ( 0.95, 1.05)   1.94   1.03 ( 0.97, 1.03)   1.93
Fit 24                1.21 ( 0.95, 1.05)   7.60   1.03 ( 0.95, 1.05)   1.13
Fit 25                0.98 ( 0.95, 1.05)  -0.59   0.97 ( 0.95, 1.05)  -1.08
Fit 26                0.81 ( 0.08, 1.92)  -0.29   0.82 ( 0.08, 1.92)  -0.31
Fit 27                1.01 ( 0.95, 1.05)   0.40   0.98 ( 0.93, 1.07)  -0.69
Fit 28                1.16 ( 0.95, 1.05)   5.99   1.11 ( 0.96, 1.04)   5.74
Fit 29                1.01 ( 0.95, 1.05)   0.45   1.00 ( 0.97, 1.03)   0.04
Fit 30                0.83 ( 0.95, 1.05)  -7.03   0.90 ( 0.95, 1.05)  -3.98
Fit 31                0.96 ( 0.95, 1.05)  -1.54   0.97 ( 0.97, 1.03)  -2.07
Fit 32                0.90 ( 0.95, 1.05)  -3.89   0.93 ( 0.97, 1.03)  -4.21
Fit 33                0.90 ( 0.95, 1.05)  -4.13   0.93 ( 0.96, 1.04)  -3.92
Fit 34                1.27 ( 0.95, 1.05)   9.61   1.19 ( 0.97, 1.03)  11.47
Fit 35                1.12 ( 0.95, 1.05)   4.39   1.09 ( 0.97, 1.03)   5.57
Fit 36                0.74 ( 0.95, 1.05) -11.21   0.91 ( 0.94, 1.06)  -3.16
Fit 37                1.04 ( 0.95, 1.05)   1.45   1.02 ( 0.97, 1.03)   1.12
Fit 38                0.94 ( 0.95, 1.05)  -2.43   0.96 ( 0.97, 1.03)  -2.68
Fit 39                0.97 ( 0.95, 1.05)  -1.04   0.98 ( 0.97, 1.03)  -1.44
Fit 40                0.92 ( 0.95, 1.05)  -3.01   0.93 ( 0.97, 1.03)  -4.58
Fit 41                0.92 ( 0.95, 1.05)  -3.19   0.93 ( 0.97, 1.03)  -4.25
Fit 42                1.01 ( 0.95, 1.05)   0.29   1.00 ( 0.97, 1.03)   0.23
Fit 43                1.09 ( 0.95, 1.05)   3.47   1.07 ( 0.97, 1.03)   4.24
Fit 44                1.28 ( 0.95, 1.05)   9.95   1.20 ( 0.97, 1.03)  12.24
Fit 45                1.11 ( 0.95, 1.05)   4.26   1.08 ( 0.97, 1.03)   4.68
Fit 46                0.84 ( 0.95, 1.05)  -6.45   0.88 ( 0.97, 1.03)  -8.47
Fit 47                0.88 ( 0.95, 1.05)  -4.60   0.89 ( 0.97, 1.03)  -6.26
Fit 48                0.92 ( 0.95, 1.05)  -3.24   0.92 ( 0.97, 1.03)  -5.11
Fit 49                1.05 ( 0.95, 1.05)   1.96   1.03 ( 0.97, 1.03)   1.95
Fit 50                1.21 ( 0.95, 1.05)   7.63   1.03 ( 0.95, 1.05)   1.13
Fit 51                0.83 ( 0.08, 1.92)  -0.23   1.03 ( 0.05, 1.95)   0.23
Fit 52                1.74 ( 0.08, 1.92)   1.45   1.14 ( 0.54, 1.46)   0.69
Fit 53                1.47 ( 0.08, 1.92)   1.03   1.35 ( 0.36, 1.64)   1.06
Fit 54                0.95 ( 0.08, 1.92)   0.06   0.97 ( 0.54, 1.46)  -0.03
Fit 55                1.28 ( 0.08, 1.92)   0.70   1.17 ( 0.36, 1.64)   0.60
Fit 56                1.28 ( 0.08, 1.92)   0.70   1.17 ( 0.36, 1.64)   0.60
Fit 57                0.76 ( 0.08, 1.92)  -0.41   0.81 ( 0.36, 1.64)  -0.52
Fit 58                1.02 ( 0.08, 1.92)   0.21   0.92 ( 0.36, 1.64)  -0.15
Fit 59                1.13 ( 0.08, 1.92)   0.42   1.14 ( 0.52, 1.48)   0.60
Fit 60                1.49 ( 0.08, 1.92)   1.06   1.22 ( 0.05, 1.95)   0.59
Fit 61                0.58 ( 0.08, 1.92)  -0.90   0.62 ( 0.52, 1.48)  -1.72
Fit 62                0.71 ( 0.08, 1.92)  -0.52   0.79 ( 0.54, 1.46)  -0.91
Fit 63                0.97 ( 0.08, 1.92)   0.10   0.88 ( 0.36, 1.64)  -0.31
Fit 64                0.50 ( 0.08, 1.92)  -1.15   0.56 ( 0.36, 1.64)  -1.52
Fit 65                0.75 ( 0.08, 1.92)  -0.44   0.81 ( 0.54, 1.46)  -0.86
Fit 66                1.25 ( 0.08, 1.92)   0.64   1.25 ( 0.52, 1.48)   0.94
Fit 67                0.69 ( 0.08, 1.92)  -0.59   0.73 ( 0.52, 1.48)  -1.13
Fit 68                1.13 ( 0.02, 1.98)   0.42   1.18 ( 0.50, 1.50)   0.68
Fit 69                0.80 ( 0.02, 1.98)  -0.27   0.93 ( 0.42, 1.58)  -0.15
Fit 70                1.32 ( 0.02, 1.98)   0.75   0.98 ( 0.13, 1.87)   0.11
Fit 71                0.47 ( 0.02, 1.98)  -1.16   0.60 ( 0.13, 1.87)  -0.93
Fit 72                1.06 ( 0.02, 1.98)   0.28   1.13 ( 0.38, 1.62)   0.47
Fit 73                0.78 ( 0.02, 1.98)  -0.31   0.91 ( 0.42, 1.58)  -0.24
Fit 74                0.80 ( 0.02, 1.98)  -0.26   1.02 ( 0.13, 1.87)   0.17
==========================================================================================
Mean                 0.997               -0.041  0.986               -0.108
==========================================================================================
