==========================================================================================
educator - RANZCOG DIF                                     Fri Mar 31 18:32 2023
FIT ESTIMATES
Group: All Cases
==========================================================================================
                           UNWEIGHTED FIT               WEIGHTED FIT
                     --------------------------  --------------------------
Statistic            MNSQ        CI        T      MNSQ       CI        T
==========================================================================================
Fit 1                 1.29 ( 0.90, 1.10)   5.06   1.04 ( 0.86, 1.14)   0.56
Fit 2                 0.95 ( 0.90, 1.10)  -0.91   0.99 ( 0.89, 1.11)  -0.07
Fit 3                 0.71 ( 0.90, 1.10)  -6.11   0.96 ( 0.54, 1.46)  -0.10
Fit 4                 1.02 ( 0.90, 1.10)   0.41   1.02 ( 0.95, 1.05)   0.74
Fit 5                 1.06 ( 0.90, 1.10)   1.08   1.05 ( 0.88, 1.12)   0.92
Fit 6                 1.03 ( 0.90, 1.10)   0.52   1.02 ( 0.89, 1.11)   0.35
Fit 7                 1.02 ( 0.90, 1.10)   0.38   1.00 ( 0.75, 1.25)   0.07
Fit 8                 0.89 ( 0.90, 1.10)  -2.17   0.95 ( 0.81, 1.19)  -0.46
Fit 9                 1.01 ( 0.90, 1.10)   0.23   0.98 ( 0.72, 1.28)  -0.13
Fit 10                0.90 ( 0.90, 1.10)  -1.92   0.98 ( 0.89, 1.11)  -0.28
Fit 11                0.86 ( 0.90, 1.10)  -2.82   0.95 ( 0.89, 1.11)  -0.80
Fit 12                1.14 ( 0.90, 1.10)   2.56   1.04 ( 0.79, 1.21)   0.41
Fit 13                1.06 ( 0.90, 1.10)   1.15   1.01 ( 0.83, 1.17)   0.09
Fit 14                1.16 ( 0.90, 1.10)   2.87   1.03 ( 0.78, 1.22)   0.32
Fit 15                0.87 ( 0.90, 1.10)  -2.54   0.93 ( 0.90, 1.10)  -1.39
Fit 16                0.80 ( 0.90, 1.10)  -4.06   0.89 ( 0.90, 1.10)  -2.26
Fit 17                0.96 ( 0.90, 1.10)  -0.76   1.00 ( 0.91, 1.09)  -0.09
Fit 18                0.87 ( 0.90, 1.10)  -2.67   0.91 ( 0.94, 1.06)  -3.34
Fit 19                0.90 ( 0.90, 1.10)  -1.89   0.97 ( 0.90, 1.10)  -0.71
Fit 20                0.92 ( 0.90, 1.10)  -1.52   0.94 ( 0.90, 1.10)  -1.22
Fit 21                0.91 ( 0.90, 1.10)  -1.82   0.96 ( 0.87, 1.13)  -0.64
Fit 22                0.92 ( 0.90, 1.10)  -1.55   0.97 ( 0.91, 1.09)  -0.55
Fit 23                0.71 ( 0.90, 1.10)  -6.07   0.95 ( 0.71, 1.29)  -0.29
Fit 24                0.95 ( 0.90, 1.10)  -0.92   0.98 ( 0.93, 1.07)  -0.55
Fit 25                1.06 ( 0.90, 1.10)   1.14   1.06 ( 0.91, 1.09)   1.29
Fit 26                0.79 ( 0.90, 1.10)  -4.18   0.96 ( 0.79, 1.21)  -0.30
Fit 27                0.82 ( 0.90, 1.10)  -3.70   0.94 ( 0.84, 1.16)  -0.76
Fit 28                0.75 ( 0.90, 1.10)  -5.10   0.90 ( 0.87, 1.13)  -1.56
Fit 29                1.32 ( 0.90, 1.10)   5.56   1.08 ( 0.86, 1.14)   1.13
Fit 30                1.01 ( 0.90, 1.10)   0.13   0.98 ( 0.80, 1.20)  -0.14
Fit 31                0.85 ( 0.90, 1.10)  -3.04   0.94 ( 0.69, 1.31)  -0.35
Fit 32                0.84 ( 0.90, 1.10)  -3.29   0.95 ( 0.71, 1.29)  -0.30
Fit 33                0.96 ( 0.90, 1.10)  -0.80   0.97 ( 0.91, 1.09)  -0.70
Fit 34                0.84 ( 0.90, 1.10)  -3.15   0.99 ( 0.82, 1.18)  -0.11
Fit 35                1.40 ( 0.90, 1.10)   6.79   1.11 ( 0.86, 1.14)   1.51
Fit 36                1.08 ( 0.90, 1.10)   1.56   1.04 ( 0.92, 1.08)   0.89
Fit 37                1.24 ( 0.90, 1.10)   4.30   1.12 ( 0.90, 1.10)   2.36
Fit 38                1.13 ( 0.90, 1.10)   2.30   1.07 ( 0.91, 1.09)   1.56
Fit 39                0.84 ( 0.90, 1.10)  -3.26   0.92 ( 0.92, 1.08)  -2.01
Fit 40                1.08 ( 0.90, 1.10)   1.44   1.05 ( 0.94, 1.06)   1.46
Fit 41                1.50 ( 0.90, 1.10)   8.25   1.01 ( 0.47, 1.53)   0.12
Fit 42                0.86 ( 0.90, 1.10)  -2.72   0.99 ( 0.72, 1.28)   0.01
Fit 43                0.99 ( 0.90, 1.10)  -0.19   0.98 ( 0.92, 1.08)  -0.48
Fit 44                1.27 ( 0.90, 1.10)   4.75   1.19 ( 0.94, 1.06)   5.65
Fit 45                1.00 ( 0.90, 1.10)  -0.06   1.00 ( 0.94, 1.06)   0.10
Fit 46                1.19 ( 0.90, 1.10)   3.49   1.11 ( 0.94, 1.06)   3.22
Fit 47                0.90 ( 0.90, 1.10)  -1.91   0.98 ( 0.88, 1.12)  -0.25
Fit 48                1.06 ( 0.90, 1.10)   1.11   1.01 ( 0.89, 1.11)   0.25
Fit 49                0.99 ( 0.90, 1.10)  -0.23   0.98 ( 0.82, 1.18)  -0.14
Fit 50                0.97 ( 0.90, 1.10)  -0.46   0.99 ( 0.84, 1.16)  -0.08
Fit 51                0.77 ( 0.90, 1.10)  -4.78   0.85 ( 0.92, 1.08)  -3.72
Fit 52                0.85 ( 0.90, 1.10)  -3.02   0.95 ( 0.86, 1.14)  -0.68
Fit 53                1.01 ( 0.90, 1.10)   0.25   1.01 ( 0.95, 1.05)   0.31
Fit 54                1.02 ( 0.90, 1.10)   0.43   1.02 ( 0.92, 1.08)   0.42
Fit 55                0.82 ( 0.90, 1.10)  -3.64   0.92 ( 0.90, 1.10)  -1.68
Fit 56                1.05 ( 0.90, 1.10)   1.03   1.02 ( 0.84, 1.16)   0.32
Fit 57                0.92 ( 0.90, 1.10)  -1.52   0.99 ( 0.69, 1.31)  -0.04
Fit 58                1.00 ( 0.90, 1.10)   0.03   1.00 ( 0.94, 1.06)   0.05
Fit 59                1.23 ( 0.90, 1.10)   4.16   1.08 ( 0.87, 1.13)   1.14
Fit 60                1.38 ( 0.90, 1.10)   6.46   1.00 ( 0.49, 1.51)   0.09
Fit 61                1.04 ( 0.90, 1.10)   0.68   1.03 ( 0.89, 1.11)   0.46
Fit 62                1.29 ( 0.90, 1.10)   5.06   1.04 ( 0.86, 1.14)   0.56
Fit 63                0.95 ( 0.90, 1.10)  -0.91   0.99 ( 0.89, 1.11)  -0.07
Fit 64                0.71 ( 0.90, 1.10)  -6.11   0.96 ( 0.54, 1.46)  -0.10
Fit 65                1.02 ( 0.90, 1.10)   0.41   1.02 ( 0.95, 1.05)   0.74
Fit 66                1.06 ( 0.90, 1.10)   1.08   1.05 ( 0.88, 1.12)   0.92
Fit 67                1.03 ( 0.90, 1.10)   0.52   1.02 ( 0.89, 1.11)   0.35
Fit 68                1.02 ( 0.90, 1.10)   0.38   1.00 ( 0.75, 1.25)   0.07
Fit 69                0.89 ( 0.90, 1.10)  -2.17   0.95 ( 0.81, 1.19)  -0.46
Fit 70                1.01 ( 0.90, 1.10)   0.23   0.98 ( 0.72, 1.28)  -0.13
Fit 71                0.90 ( 0.90, 1.10)  -1.92   0.98 ( 0.89, 1.11)  -0.28
Fit 72                0.86 ( 0.90, 1.10)  -2.82   0.95 ( 0.89, 1.11)  -0.80
Fit 73                1.14 ( 0.90, 1.10)   2.56   1.04 ( 0.79, 1.21)   0.41
Fit 74                1.06 ( 0.90, 1.10)   1.15   1.01 ( 0.83, 1.17)   0.09
Fit 75                1.16 ( 0.90, 1.10)   2.87   1.03 ( 0.78, 1.22)   0.32
Fit 76                0.87 ( 0.90, 1.10)  -2.54   0.93 ( 0.90, 1.10)  -1.39
Fit 77                0.80 ( 0.90, 1.10)  -4.06   0.89 ( 0.90, 1.10)  -2.26
Fit 78                0.96 ( 0.90, 1.10)  -0.76   1.00 ( 0.91, 1.09)  -0.09
Fit 79                0.87 ( 0.90, 1.10)  -2.67   0.91 ( 0.94, 1.06)  -3.34
Fit 80                0.90 ( 0.90, 1.10)  -1.89   0.97 ( 0.90, 1.10)  -0.71
Fit 81                0.92 ( 0.90, 1.10)  -1.52   0.94 ( 0.90, 1.10)  -1.22
Fit 82                0.91 ( 0.90, 1.10)  -1.82   0.96 ( 0.87, 1.13)  -0.64
Fit 83                0.92 ( 0.90, 1.10)  -1.55   0.97 ( 0.91, 1.09)  -0.55
Fit 84                0.71 ( 0.90, 1.10)  -6.07   0.95 ( 0.71, 1.29)  -0.29
Fit 85                0.95 ( 0.90, 1.10)  -0.92   0.98 ( 0.93, 1.07)  -0.55
Fit 86                1.06 ( 0.90, 1.10)   1.14   1.06 ( 0.91, 1.09)   1.29
Fit 87                0.79 ( 0.90, 1.10)  -4.18   0.96 ( 0.79, 1.21)  -0.30
Fit 88                0.82 ( 0.90, 1.10)  -3.70   0.94 ( 0.84, 1.16)  -0.76
Fit 89                0.75 ( 0.90, 1.10)  -5.10   0.90 ( 0.87, 1.13)  -1.56
Fit 90                1.32 ( 0.90, 1.10)   5.56   1.08 ( 0.86, 1.14)   1.13
Fit 91                1.01 ( 0.90, 1.10)   0.13   0.98 ( 0.80, 1.20)  -0.14
Fit 92                0.85 ( 0.90, 1.10)  -3.04   0.94 ( 0.69, 1.31)  -0.35
Fit 93                0.84 ( 0.90, 1.10)  -3.29   0.95 ( 0.71, 1.29)  -0.30
Fit 94                0.96 ( 0.90, 1.10)  -0.80   0.97 ( 0.91, 1.09)  -0.70
Fit 95                0.84 ( 0.90, 1.10)  -3.15   0.99 ( 0.82, 1.18)  -0.11
Fit 96                1.40 ( 0.90, 1.10)   6.79   1.11 ( 0.86, 1.14)   1.51
Fit 97                1.08 ( 0.90, 1.10)   1.56   1.04 ( 0.92, 1.08)   0.89
Fit 98                1.24 ( 0.90, 1.10)   4.30   1.12 ( 0.90, 1.10)   2.36
Fit 99                1.13 ( 0.90, 1.10)   2.30   1.07 ( 0.91, 1.09)   1.56
Fit 100               0.84 ( 0.90, 1.10)  -3.26   0.92 ( 0.92, 1.08)  -2.01
Fit 101               1.08 ( 0.90, 1.10)   1.44   1.05 ( 0.94, 1.06)   1.46
Fit 102               1.50 ( 0.90, 1.10)   8.25   1.01 ( 0.47, 1.53)   0.12
Fit 103               0.86 ( 0.90, 1.10)  -2.72   0.99 ( 0.72, 1.28)   0.01
Fit 104               0.99 ( 0.90, 1.10)  -0.19   0.98 ( 0.92, 1.08)  -0.48
Fit 105               1.27 ( 0.90, 1.10)   4.75   1.19 ( 0.94, 1.06)   5.65
Fit 106               1.00 ( 0.90, 1.10)  -0.06   1.00 ( 0.94, 1.06)   0.10
Fit 107               1.19 ( 0.90, 1.10)   3.49   1.11 ( 0.94, 1.06)   3.22
Fit 108               0.90 ( 0.90, 1.10)  -1.91   0.98 ( 0.88, 1.12)  -0.25
Fit 109               1.06 ( 0.90, 1.10)   1.11   1.01 ( 0.89, 1.11)   0.25
Fit 110               0.99 ( 0.90, 1.10)  -0.23   0.98 ( 0.82, 1.18)  -0.14
Fit 111               0.97 ( 0.90, 1.10)  -0.46   0.99 ( 0.84, 1.16)  -0.08
Fit 112               0.77 ( 0.90, 1.10)  -4.78   0.85 ( 0.92, 1.08)  -3.72
Fit 113               0.85 ( 0.90, 1.10)  -3.02   0.95 ( 0.86, 1.14)  -0.68
Fit 114               1.01 ( 0.90, 1.10)   0.25   1.01 ( 0.95, 1.05)   0.31
Fit 115               1.02 ( 0.90, 1.10)   0.43   1.02 ( 0.92, 1.08)   0.42
Fit 116               0.82 ( 0.90, 1.10)  -3.64   0.92 ( 0.90, 1.10)  -1.68
Fit 117               1.05 ( 0.90, 1.10)   1.03   1.02 ( 0.84, 1.16)   0.32
Fit 118               0.92 ( 0.90, 1.10)  -1.52   0.99 ( 0.69, 1.31)  -0.04
Fit 119               1.00 ( 0.90, 1.10)   0.03   1.00 ( 0.94, 1.06)   0.05
Fit 120               1.23 ( 0.90, 1.10)   4.16   1.08 ( 0.87, 1.13)   1.14
Fit 121               1.38 ( 0.90, 1.10)   6.46   1.00 ( 0.49, 1.51)   0.09
==========================================================================================
Mean                 0.995               -0.248  0.995               -0.010
==========================================================================================
