==========================================================================================
educator - RANZCOG DIF                                     Fri Mar 31 18:30 2023
FIT ESTIMATES
Group: All Cases
==========================================================================================
                           UNWEIGHTED FIT               WEIGHTED FIT
                     --------------------------  --------------------------
Statistic            MNSQ        CI        T      MNSQ       CI        T
==========================================================================================
Fit 1                 0.99 ( 0.82, 1.18)  -0.03   1.01 ( 0.80, 1.20)   0.15
Fit 2                 0.97 ( 0.82, 1.18)  -0.27   1.01 ( 0.77, 1.23)   0.10
Fit 3                 0.81 ( 0.82, 1.18)  -2.24   0.94 ( 0.37, 1.63)  -0.07
Fit 4                 0.99 ( 0.82, 1.18)  -0.04   0.99 ( 0.90, 1.10)  -0.15
Fit 5                 1.01 ( 0.82, 1.18)   0.14   0.96 ( 0.74, 1.26)  -0.28
Fit 6                 1.14 ( 0.82, 1.18)   1.52   1.07 ( 0.84, 1.16)   0.94
Fit 7                 0.85 ( 0.82, 1.18)  -1.72   0.97 ( 0.08, 1.92)   0.10
Fit 8                 0.92 ( 0.82, 1.18)  -0.86   0.99 ( 0.69, 1.31)   0.01
Fit 9                 0.97 ( 0.82, 1.18)  -0.32   0.96 ( 0.48, 1.52)  -0.05
Fit 10                0.88 ( 0.82, 1.18)  -1.37   1.02 ( 0.72, 1.28)   0.18
Fit 11                0.99 ( 0.82, 1.18)  -0.11   1.02 ( 0.86, 1.14)   0.26
Fit 12                1.37 ( 0.82, 1.18)   3.70   1.08 ( 0.67, 1.33)   0.50
Fit 13                0.87 ( 0.82, 1.18)  -1.50   0.98 ( 0.72, 1.28)  -0.12
Fit 14                1.09 ( 0.82, 1.18)   1.00   1.03 ( 0.48, 1.52)   0.19
Fit 15                0.95 ( 0.82, 1.18)  -0.57   0.99 ( 0.72, 1.28)  -0.05
Fit 16                0.86 ( 0.82, 1.18)  -1.58   0.92 ( 0.81, 1.19)  -0.81
Fit 17                0.88 ( 0.82, 1.18)  -1.31   0.89 ( 0.80, 1.20)  -1.08
Fit 18                0.83 ( 0.82, 1.18)  -1.93   0.87 ( 0.91, 1.09)  -3.06
Fit 19                1.03 ( 0.82, 1.18)   0.36   1.05 ( 0.87, 1.13)   0.72
Fit 20                0.87 ( 0.82, 1.18)  -1.48   0.95 ( 0.72, 1.28)  -0.32
Fit 21                1.24 ( 0.82, 1.18)   2.48   1.03 ( 0.66, 1.34)   0.23
Fit 22                0.95 ( 0.82, 1.18)  -0.53   0.99 ( 0.80, 1.20)  -0.03
Fit 23                0.65 ( 0.82, 1.18)  -4.38   0.92 ( 0.53, 1.47)  -0.28
Fit 24                0.88 ( 0.82, 1.18)  -1.30   0.93 ( 0.87, 1.13)  -1.03
Fit 25                0.99 ( 0.82, 1.18)  -0.12   1.01 ( 0.87, 1.13)   0.20
Fit 26                0.69 ( 0.82, 1.18)  -3.83   0.92 ( 0.59, 1.41)  -0.31
Fit 27                1.00 ( 0.82, 1.18)   0.01   0.92 ( 0.55, 1.45)  -0.28
Fit 28                0.85 ( 0.82, 1.18)  -1.69   0.92 ( 0.78, 1.22)  -0.69
Fit 29                1.24 ( 0.82, 1.18)   2.43   1.05 ( 0.65, 1.35)   0.31
Fit 30                0.89 ( 0.82, 1.18)  -1.27   0.91 ( 0.53, 1.47)  -0.29
Fit 31                0.95 ( 0.82, 1.18)  -0.54   0.96 ( 0.45, 1.55)  -0.04
Fit 32                0.84 ( 0.82, 1.18)  -1.80   0.96 ( 0.68, 1.32)  -0.21
Fit 33                1.26 ( 0.82, 1.18)   2.66   1.07 ( 0.75, 1.25)   0.54
Fit 34                1.13 ( 0.82, 1.18)   1.39   0.99 ( 0.64, 1.36)   0.03
Fit 35                1.02 ( 0.82, 1.18)   0.25   1.02 ( 0.62, 1.38)   0.16
Fit 36                0.94 ( 0.82, 1.18)  -0.65   0.96 ( 0.85, 1.15)  -0.54
Fit 37                1.16 ( 0.82, 1.18)   1.65   1.03 ( 0.80, 1.20)   0.34
Fit 38                1.13 ( 0.82, 1.18)   1.37   1.05 ( 0.84, 1.16)   0.68
Fit 39                0.91 ( 0.82, 1.18)  -0.94   0.96 ( 0.85, 1.15)  -0.44
Fit 40                1.08 ( 0.82, 1.18)   0.93   1.05 ( 0.89, 1.11)   0.86
Fit 41                1.38 ( 0.82, 1.18)   3.78   1.03 ( 0.18, 1.82)   0.21
Fit 42                1.07 ( 0.82, 1.18)   0.78   0.99 ( 0.60, 1.40)  -0.00
Fit 43                1.02 ( 0.82, 1.18)   0.22   1.01 ( 0.84, 1.16)   0.13
Fit 44                1.22 ( 0.82, 1.18)   2.32   1.16 ( 0.91, 1.09)   3.18
Fit 45                0.84 ( 0.82, 1.18)  -1.84   0.90 ( 0.85, 1.15)  -1.30
Fit 46                1.11 ( 0.82, 1.18)   1.20   1.08 ( 0.90, 1.10)   1.66
Fit 47                0.83 ( 0.82, 1.18)  -1.94   0.95 ( 0.62, 1.38)  -0.18
Fit 48                1.08 ( 0.82, 1.18)   0.92   1.05 ( 0.87, 1.13)   0.78
Fit 49                1.07 ( 0.82, 1.18)   0.81   1.02 ( 0.74, 1.26)   0.22
Fit 50                1.16 ( 0.82, 1.18)   1.66   1.03 ( 0.74, 1.26)   0.27
Fit 51                0.86 ( 0.82, 1.18)  -1.61   0.94 ( 0.76, 1.24)  -0.49
Fit 52                0.99 ( 0.82, 1.18)  -0.05   0.94 ( 0.78, 1.22)  -0.52
Fit 53                1.00 ( 0.82, 1.18)  -0.01   1.01 ( 0.84, 1.16)   0.16
Fit 54                1.10 ( 0.82, 1.18)   1.14   1.05 ( 0.77, 1.23)   0.48
Fit 55                0.90 ( 0.82, 1.18)  -1.12   0.92 ( 0.83, 1.17)  -0.92
Fit 56                0.96 ( 0.82, 1.18)  -0.46   0.98 ( 0.72, 1.28)  -0.12
Fit 57                0.81 ( 0.82, 1.18)  -2.16   0.92 ( 0.51, 1.49)  -0.25
Fit 58                1.01 ( 0.82, 1.18)   0.13   1.01 ( 0.89, 1.11)   0.12
Fit 59                1.44 ( 0.82, 1.18)   4.24   1.14 ( 0.72, 1.28)   1.00
Fit 60                0.72 ( 0.82, 1.18)  -3.32   0.96 ( 0.45, 1.55)  -0.04
Fit 61                1.02 ( 0.82, 1.18)   0.25   1.01 ( 0.81, 1.19)   0.11
Fit 62                0.99 ( 0.82, 1.18)  -0.03   1.01 ( 0.80, 1.20)   0.15
Fit 63                0.97 ( 0.82, 1.18)  -0.27   1.01 ( 0.77, 1.23)   0.10
Fit 64                0.81 ( 0.82, 1.18)  -2.24   0.94 ( 0.37, 1.63)  -0.07
Fit 65                0.99 ( 0.82, 1.18)  -0.04   0.99 ( 0.90, 1.10)  -0.15
Fit 66                1.01 ( 0.82, 1.18)   0.14   0.96 ( 0.74, 1.26)  -0.28
Fit 67                1.14 ( 0.82, 1.18)   1.52   1.07 ( 0.84, 1.16)   0.94
Fit 68                0.85 ( 0.82, 1.18)  -1.72   0.97 ( 0.08, 1.92)   0.10
Fit 69                0.92 ( 0.82, 1.18)  -0.86   0.99 ( 0.69, 1.31)   0.01
Fit 70                0.97 ( 0.82, 1.18)  -0.32   0.96 ( 0.48, 1.52)  -0.05
Fit 71                0.88 ( 0.82, 1.18)  -1.37   1.02 ( 0.72, 1.28)   0.18
Fit 72                0.99 ( 0.82, 1.18)  -0.11   1.02 ( 0.86, 1.14)   0.26
Fit 73                1.37 ( 0.82, 1.18)   3.70   1.08 ( 0.67, 1.33)   0.50
Fit 74                0.87 ( 0.82, 1.18)  -1.50   0.98 ( 0.72, 1.28)  -0.12
Fit 75                1.09 ( 0.82, 1.18)   1.00   1.03 ( 0.48, 1.52)   0.19
Fit 76                0.95 ( 0.82, 1.18)  -0.57   0.99 ( 0.72, 1.28)  -0.05
Fit 77                0.86 ( 0.82, 1.18)  -1.58   0.92 ( 0.81, 1.19)  -0.81
Fit 78                0.88 ( 0.82, 1.18)  -1.31   0.89 ( 0.80, 1.20)  -1.08
Fit 79                0.83 ( 0.82, 1.18)  -1.93   0.87 ( 0.91, 1.09)  -3.06
Fit 80                1.03 ( 0.82, 1.18)   0.36   1.05 ( 0.87, 1.13)   0.72
Fit 81                0.87 ( 0.82, 1.18)  -1.48   0.95 ( 0.72, 1.28)  -0.32
Fit 82                1.24 ( 0.82, 1.18)   2.48   1.03 ( 0.66, 1.34)   0.23
Fit 83                0.95 ( 0.82, 1.18)  -0.53   0.99 ( 0.80, 1.20)  -0.03
Fit 84                0.65 ( 0.82, 1.18)  -4.38   0.92 ( 0.53, 1.47)  -0.28
Fit 85                0.88 ( 0.82, 1.18)  -1.30   0.93 ( 0.87, 1.13)  -1.03
Fit 86                0.99 ( 0.82, 1.18)  -0.12   1.01 ( 0.87, 1.13)   0.20
Fit 87                0.69 ( 0.82, 1.18)  -3.83   0.92 ( 0.59, 1.41)  -0.31
Fit 88                1.00 ( 0.82, 1.18)   0.01   0.92 ( 0.55, 1.45)  -0.28
Fit 89                0.85 ( 0.82, 1.18)  -1.69   0.92 ( 0.78, 1.22)  -0.69
Fit 90                1.24 ( 0.82, 1.18)   2.43   1.05 ( 0.65, 1.35)   0.31
Fit 91                0.89 ( 0.82, 1.18)  -1.27   0.91 ( 0.53, 1.47)  -0.29
Fit 92                0.95 ( 0.82, 1.18)  -0.54   0.96 ( 0.45, 1.55)  -0.04
Fit 93                0.84 ( 0.82, 1.18)  -1.80   0.96 ( 0.68, 1.32)  -0.21
Fit 94                1.26 ( 0.82, 1.18)   2.66   1.07 ( 0.75, 1.25)   0.54
Fit 95                1.13 ( 0.82, 1.18)   1.39   0.99 ( 0.64, 1.36)   0.03
Fit 96                1.02 ( 0.82, 1.18)   0.25   1.02 ( 0.62, 1.38)   0.16
Fit 97                0.94 ( 0.82, 1.18)  -0.65   0.96 ( 0.85, 1.15)  -0.54
Fit 98                1.16 ( 0.82, 1.18)   1.65   1.03 ( 0.80, 1.20)   0.34
Fit 99                1.13 ( 0.82, 1.18)   1.37   1.05 ( 0.84, 1.16)   0.68
Fit 100               0.91 ( 0.82, 1.18)  -0.94   0.96 ( 0.85, 1.15)  -0.44
Fit 101               1.08 ( 0.82, 1.18)   0.93   1.05 ( 0.89, 1.11)   0.86
Fit 102               1.38 ( 0.82, 1.18)   3.78   1.03 ( 0.18, 1.82)   0.21
Fit 103               1.07 ( 0.82, 1.18)   0.78   0.99 ( 0.60, 1.40)  -0.00
Fit 104               1.02 ( 0.82, 1.18)   0.22   1.01 ( 0.84, 1.16)   0.13
Fit 105               1.22 ( 0.82, 1.18)   2.32   1.16 ( 0.91, 1.09)   3.18
Fit 106               0.84 ( 0.82, 1.18)  -1.84   0.90 ( 0.85, 1.15)  -1.30
Fit 107               1.11 ( 0.82, 1.18)   1.20   1.08 ( 0.90, 1.10)   1.66
Fit 108               0.83 ( 0.82, 1.18)  -1.94   0.95 ( 0.62, 1.38)  -0.18
Fit 109               1.08 ( 0.82, 1.18)   0.92   1.05 ( 0.87, 1.13)   0.78
Fit 110               1.07 ( 0.82, 1.18)   0.81   1.02 ( 0.74, 1.26)   0.22
Fit 111               1.16 ( 0.82, 1.18)   1.66   1.03 ( 0.74, 1.26)   0.27
Fit 112               0.86 ( 0.82, 1.18)  -1.61   0.94 ( 0.76, 1.24)  -0.49
Fit 113               0.99 ( 0.82, 1.18)  -0.05   0.94 ( 0.78, 1.22)  -0.52
Fit 114               1.00 ( 0.82, 1.18)  -0.01   1.01 ( 0.84, 1.16)   0.16
Fit 115               1.10 ( 0.82, 1.18)   1.14   1.05 ( 0.77, 1.23)   0.48
Fit 116               0.90 ( 0.82, 1.18)  -1.12   0.92 ( 0.83, 1.17)  -0.92
Fit 117               0.96 ( 0.82, 1.18)  -0.46   0.98 ( 0.72, 1.28)  -0.12
Fit 118               0.81 ( 0.82, 1.18)  -2.16   0.92 ( 0.51, 1.49)  -0.25
Fit 119               1.01 ( 0.82, 1.18)   0.13   1.01 ( 0.89, 1.11)   0.12
Fit 120               1.44 ( 0.82, 1.18)   4.24   1.14 ( 0.72, 1.28)   1.00
Fit 121               0.72 ( 0.82, 1.18)  -3.32   0.96 ( 0.45, 1.55)  -0.04
==========================================================================================
Mean                 0.994               -0.127  0.991                0.014
==========================================================================================
