==========================================================================================
educator - RANZCOG DIF                                     Fri Mar 31 18:31 2023
FIT ESTIMATES
Group: All Cases
==========================================================================================
                           UNWEIGHTED FIT               WEIGHTED FIT
                     --------------------------  --------------------------
Statistic            MNSQ        CI        T      MNSQ       CI        T
==========================================================================================
Fit 1                 1.07 ( 0.89, 1.11)   1.30   0.97 ( 0.84, 1.16)  -0.34
Fit 2                 0.93 ( 0.89, 1.11)  -1.21   0.99 ( 0.89, 1.11)  -0.15
Fit 3                 0.82 ( 0.89, 1.11)  -3.45   0.98 ( 0.33, 1.67)   0.07
Fit 4                 1.08 ( 0.89, 1.11)   1.43   1.07 ( 0.94, 1.06)   2.26
Fit 5                 1.10 ( 0.89, 1.11)   1.85   1.02 ( 0.88, 1.12)   0.39
Fit 6                 0.91 ( 0.89, 1.11)  -1.74   1.00 ( 0.86, 1.14)  -0.02
Fit 7                 0.88 ( 0.89, 1.11)  -2.26   0.97 ( 0.80, 1.20)  -0.30
Fit 8                 0.98 ( 0.89, 1.11)  -0.40   0.99 ( 0.77, 1.23)  -0.04
Fit 9                 1.11 ( 0.89, 1.11)   1.95   0.98 ( 0.73, 1.27)  -0.10
Fit 10                0.90 ( 0.89, 1.11)  -1.82   0.98 ( 0.87, 1.13)  -0.35
Fit 11                0.89 ( 0.89, 1.11)  -1.99   0.96 ( 0.89, 1.11)  -0.66
Fit 12                1.21 ( 0.89, 1.11)   3.51   1.07 ( 0.83, 1.17)   0.80
Fit 13                1.01 ( 0.89, 1.11)   0.14   0.99 ( 0.81, 1.19)  -0.04
Fit 14                0.98 ( 0.89, 1.11)  -0.39   0.95 ( 0.75, 1.25)  -0.35
Fit 15                0.72 ( 0.89, 1.11)  -5.61   0.93 ( 0.80, 1.20)  -0.71
Fit 16                0.86 ( 0.89, 1.11)  -2.57   0.92 ( 0.91, 1.09)  -1.94
Fit 17                0.85 ( 0.89, 1.11)  -2.75   0.93 ( 0.87, 1.13)  -0.99
Fit 18                0.97 ( 0.89, 1.11)  -0.61   0.99 ( 0.95, 1.05)  -0.49
Fit 19                0.94 ( 0.89, 1.11)  -1.08   0.98 ( 0.89, 1.11)  -0.35
Fit 20                1.06 ( 0.89, 1.11)   1.02   1.03 ( 0.89, 1.11)   0.55
Fit 21                0.94 ( 0.89, 1.11)  -1.07   0.97 ( 0.78, 1.22)  -0.24
Fit 22                0.97 ( 0.89, 1.11)  -0.57   1.00 ( 0.86, 1.14)  -0.04
Fit 23                0.68 ( 0.89, 1.11)  -6.55   0.93 ( 0.74, 1.26)  -0.47
Fit 24                1.00 ( 0.89, 1.11)   0.05   1.01 ( 0.87, 1.13)   0.10
Fit 25                1.00 ( 0.89, 1.11)   0.04   1.01 ( 0.84, 1.16)   0.17
Fit 26                0.72 ( 0.89, 1.11)  -5.66   0.92 ( 0.78, 1.22)  -0.69
Fit 27                0.77 ( 0.89, 1.11)  -4.55   0.92 ( 0.76, 1.24)  -0.65
Fit 28                0.85 ( 0.89, 1.11)  -2.76   0.94 ( 0.82, 1.18)  -0.62
Fit 29                0.92 ( 0.89, 1.11)  -1.55   0.98 ( 0.76, 1.24)  -0.13
Fit 30                1.28 ( 0.89, 1.11)   4.68   1.06 ( 0.80, 1.20)   0.58
Fit 31                0.60 ( 0.89, 1.11)  -8.61   0.93 ( 0.67, 1.33)  -0.35
Fit 32                0.87 ( 0.89, 1.11)  -2.52   0.96 ( 0.69, 1.31)  -0.23
Fit 33                1.07 ( 0.89, 1.11)   1.21   1.04 ( 0.91, 1.09)   0.96
Fit 34                0.80 ( 0.89, 1.11)  -3.97   0.94 ( 0.81, 1.19)  -0.62
Fit 35                1.09 ( 0.89, 1.11)   1.58   1.03 ( 0.91, 1.09)   0.64
Fit 36                1.14 ( 0.89, 1.11)   2.46   1.10 ( 0.92, 1.08)   2.31
Fit 37                1.25 ( 0.89, 1.11)   4.20   1.14 ( 0.90, 1.10)   2.64
Fit 38                0.93 ( 0.89, 1.11)  -1.25   0.97 ( 0.90, 1.10)  -0.59
Fit 39                0.96 ( 0.89, 1.11)  -0.78   0.97 ( 0.94, 1.06)  -1.00
Fit 40                1.08 ( 0.89, 1.11)   1.49   1.05 ( 0.92, 1.08)   1.35
Fit 41                0.69 ( 0.89, 1.11)  -6.28   0.98 ( 0.29, 1.71)   0.07
Fit 42                0.91 ( 0.89, 1.11)  -1.57   0.98 ( 0.79, 1.21)  -0.16
Fit 43                1.02 ( 0.89, 1.11)   0.36   1.02 ( 0.89, 1.11)   0.40
Fit 44                1.21 ( 0.89, 1.11)   3.66   1.16 ( 0.95, 1.05)   5.64
Fit 45                1.01 ( 0.89, 1.11)   0.15   1.01 ( 0.95, 1.05)   0.26
Fit 46                1.15 ( 0.89, 1.11)   2.63   1.09 ( 0.93, 1.07)   2.49
Fit 47                0.99 ( 0.89, 1.11)  -0.20   1.02 ( 0.84, 1.16)   0.29
Fit 48                0.97 ( 0.89, 1.11)  -0.59   0.97 ( 0.92, 1.08)  -0.86
Fit 49                1.11 ( 0.89, 1.11)   1.92   1.05 ( 0.84, 1.16)   0.70
Fit 50                1.15 ( 0.89, 1.11)   2.65   1.07 ( 0.87, 1.13)   1.02
Fit 51                0.84 ( 0.89, 1.11)  -2.98   0.96 ( 0.89, 1.11)  -0.78
Fit 52                0.93 ( 0.89, 1.11)  -1.24   0.93 ( 0.89, 1.11)  -1.28
Fit 53                1.05 ( 0.89, 1.11)   0.92   1.02 ( 0.95, 1.05)   0.75
Fit 54                1.00 ( 0.89, 1.11)   0.00   1.00 ( 0.91, 1.09)  -0.08
Fit 55                0.93 ( 0.89, 1.11)  -1.21   0.96 ( 0.90, 1.10)  -0.77
Fit 56                0.99 ( 0.89, 1.11)  -0.15   1.01 ( 0.85, 1.15)   0.14
Fit 57                0.66 ( 0.89, 1.11)  -6.94   0.93 ( 0.78, 1.22)  -0.63
Fit 58                0.93 ( 0.89, 1.11)  -1.36   0.94 ( 0.94, 1.06)  -1.88
Fit 59                1.09 ( 0.89, 1.11)   1.53   1.03 ( 0.87, 1.13)   0.43
Fit 60                0.78 ( 0.89, 1.11)  -4.25   0.98 ( 0.47, 1.53)   0.01
Fit 61                1.04 ( 0.89, 1.11)   0.70   1.04 ( 0.89, 1.11)   0.74
Fit 62                1.07 ( 0.89, 1.11)   1.30   0.97 ( 0.84, 1.16)  -0.34
Fit 63                0.93 ( 0.89, 1.11)  -1.21   0.99 ( 0.89, 1.11)  -0.15
Fit 64                0.82 ( 0.89, 1.11)  -3.45   0.98 ( 0.33, 1.67)   0.07
Fit 65                1.08 ( 0.89, 1.11)   1.43   1.07 ( 0.94, 1.06)   2.26
Fit 66                1.10 ( 0.89, 1.11)   1.85   1.02 ( 0.88, 1.12)   0.39
Fit 67                0.91 ( 0.89, 1.11)  -1.74   1.00 ( 0.86, 1.14)  -0.02
Fit 68                0.88 ( 0.89, 1.11)  -2.26   0.97 ( 0.80, 1.20)  -0.30
Fit 69                0.98 ( 0.89, 1.11)  -0.40   0.99 ( 0.77, 1.23)  -0.04
Fit 70                1.11 ( 0.89, 1.11)   1.95   0.98 ( 0.73, 1.27)  -0.10
Fit 71                0.90 ( 0.89, 1.11)  -1.82   0.98 ( 0.87, 1.13)  -0.35
Fit 72                0.89 ( 0.89, 1.11)  -1.99   0.96 ( 0.89, 1.11)  -0.66
Fit 73                1.21 ( 0.89, 1.11)   3.51   1.07 ( 0.83, 1.17)   0.80
Fit 74                1.01 ( 0.89, 1.11)   0.14   0.99 ( 0.81, 1.19)  -0.04
Fit 75                0.98 ( 0.89, 1.11)  -0.39   0.95 ( 0.75, 1.25)  -0.35
Fit 76                0.72 ( 0.89, 1.11)  -5.61   0.93 ( 0.80, 1.20)  -0.71
Fit 77                0.86 ( 0.89, 1.11)  -2.57   0.92 ( 0.91, 1.09)  -1.94
Fit 78                0.85 ( 0.89, 1.11)  -2.75   0.93 ( 0.87, 1.13)  -0.99
Fit 79                0.97 ( 0.89, 1.11)  -0.61   0.99 ( 0.95, 1.05)  -0.49
Fit 80                0.94 ( 0.89, 1.11)  -1.08   0.98 ( 0.89, 1.11)  -0.35
Fit 81                1.06 ( 0.89, 1.11)   1.02   1.03 ( 0.89, 1.11)   0.55
Fit 82                0.94 ( 0.89, 1.11)  -1.07   0.97 ( 0.78, 1.22)  -0.24
Fit 83                0.97 ( 0.89, 1.11)  -0.57   1.00 ( 0.86, 1.14)  -0.04
Fit 84                0.68 ( 0.89, 1.11)  -6.55   0.93 ( 0.74, 1.26)  -0.47
Fit 85                1.00 ( 0.89, 1.11)   0.05   1.01 ( 0.87, 1.13)   0.10
Fit 86                1.00 ( 0.89, 1.11)   0.04   1.01 ( 0.84, 1.16)   0.17
Fit 87                0.72 ( 0.89, 1.11)  -5.66   0.92 ( 0.78, 1.22)  -0.69
Fit 88                0.77 ( 0.89, 1.11)  -4.55   0.92 ( 0.76, 1.24)  -0.65
Fit 89                0.85 ( 0.89, 1.11)  -2.76   0.94 ( 0.82, 1.18)  -0.62
Fit 90                0.92 ( 0.89, 1.11)  -1.55   0.98 ( 0.76, 1.24)  -0.13
Fit 91                1.28 ( 0.89, 1.11)   4.68   1.06 ( 0.80, 1.20)   0.58
Fit 92                0.60 ( 0.89, 1.11)  -8.61   0.93 ( 0.67, 1.33)  -0.35
Fit 93                0.87 ( 0.89, 1.11)  -2.52   0.96 ( 0.69, 1.31)  -0.23
Fit 94                1.07 ( 0.89, 1.11)   1.21   1.04 ( 0.91, 1.09)   0.96
Fit 95                0.80 ( 0.89, 1.11)  -3.97   0.94 ( 0.81, 1.19)  -0.62
Fit 96                1.09 ( 0.89, 1.11)   1.58   1.03 ( 0.91, 1.09)   0.64
Fit 97                1.14 ( 0.89, 1.11)   2.46   1.10 ( 0.92, 1.08)   2.31
Fit 98                1.25 ( 0.89, 1.11)   4.20   1.14 ( 0.90, 1.10)   2.64
Fit 99                0.93 ( 0.89, 1.11)  -1.25   0.97 ( 0.90, 1.10)  -0.59
Fit 100               0.96 ( 0.89, 1.11)  -0.78   0.97 ( 0.94, 1.06)  -1.00
Fit 101               1.08 ( 0.89, 1.11)   1.49   1.05 ( 0.92, 1.08)   1.35
Fit 102               0.69 ( 0.89, 1.11)  -6.28   0.98 ( 0.29, 1.71)   0.07
Fit 103               0.91 ( 0.89, 1.11)  -1.57   0.98 ( 0.79, 1.21)  -0.16
Fit 104               1.02 ( 0.89, 1.11)   0.36   1.02 ( 0.89, 1.11)   0.40
Fit 105               1.21 ( 0.89, 1.11)   3.66   1.16 ( 0.95, 1.05)   5.64
Fit 106               1.01 ( 0.89, 1.11)   0.15   1.01 ( 0.95, 1.05)   0.26
Fit 107               1.15 ( 0.89, 1.11)   2.63   1.09 ( 0.93, 1.07)   2.49
Fit 108               0.99 ( 0.89, 1.11)  -0.20   1.02 ( 0.84, 1.16)   0.29
Fit 109               0.97 ( 0.89, 1.11)  -0.59   0.97 ( 0.92, 1.08)  -0.86
Fit 110               1.11 ( 0.89, 1.11)   1.92   1.05 ( 0.84, 1.16)   0.70
Fit 111               1.15 ( 0.89, 1.11)   2.65   1.07 ( 0.87, 1.13)   1.02
Fit 112               0.84 ( 0.89, 1.11)  -2.98   0.96 ( 0.89, 1.11)  -0.78
Fit 113               0.93 ( 0.89, 1.11)  -1.24   0.93 ( 0.89, 1.11)  -1.28
Fit 114               1.05 ( 0.89, 1.11)   0.92   1.02 ( 0.95, 1.05)   0.75
Fit 115               1.00 ( 0.89, 1.11)   0.00   1.00 ( 0.91, 1.09)  -0.08
Fit 116               0.93 ( 0.89, 1.11)  -1.21   0.96 ( 0.90, 1.10)  -0.77
Fit 117               0.99 ( 0.89, 1.11)  -0.15   1.01 ( 0.85, 1.15)   0.14
Fit 118               0.66 ( 0.89, 1.11)  -6.94   0.93 ( 0.78, 1.22)  -0.63
Fit 119               0.93 ( 0.89, 1.11)  -1.36   0.94 ( 0.94, 1.06)  -1.88
Fit 120               1.09 ( 0.89, 1.11)   1.53   1.03 ( 0.87, 1.13)   0.43
Fit 121               0.78 ( 0.89, 1.11)  -4.25   0.98 ( 0.47, 1.53)   0.01
==========================================================================================
Mean                 0.961               -0.850  0.995                0.107
==========================================================================================
