==============================================================================================================
educator - RANZCOG DIF                                     Fri Mar 31 18:32 2023
GENERALISED ITEM ANALYSIS
Group All Students
==============================================================================================================
   1       1.00      621      86.13    0.17      4.5(.000)  0.069   0.827
   A       0.00       50       6.93   -0.13     -3.6(.000) -0.423   1.041
   B       0.00       32       4.44   -0.08     -2.1(.034) -0.438   0.974
   C       0.00       18       2.50   -0.05     -1.4(.160) -0.358   0.814
   D                   0       0.00     NA       NA (.0  )    NA       NA
   1       1.00      590      81.60    0.29      8.0(.000)  0.128   0.84
   A                   0       0.00     NA       NA (.0  )    NA       NA
   B       0.00       36       4.98   -0.14     -3.8(.000) -0.606   0.815
   C       0.00       16       2.21   -0.10     -2.6(.008) -0.69    0.602
   D       0.00       81      11.20   -0.21     -5.7(.000) -0.495   0.761
   1       1.00      707      97.79    0.20      5.6(.000)  0.022   0.857
   A                   0       0.00     NA       NA (.0  )    NA       NA
   B       0.00       12       1.66   -0.19     -5.1(.000) -0.87    0.99
   C                   0       0.00     NA       NA (.0  )    NA       NA
   D       0.00        4       0.55   -0.08     -2.2(.025) -0.624   0.446
   1       1.00      353      48.82    0.32      9.0(.000)  0.314   0.798
   A       0.00      268      37.07   -0.09     -2.3(.019) -0.158   0.792
   B       0.00       33       4.56   -0.25     -6.9(.000) -0.873   0.884
   C       0.00       69       9.54   -0.22     -6.0(.000) -0.534   0.751
   D                   0       0.00     NA       NA (.0  )    NA       NA
   1       1.00      591      81.74    0.20      5.6(.000)  0.106   0.851
   A       0.00       16       2.21   -0.18     -4.9(.000) -1.046   0.832
   B       0.00       99      13.69   -0.12     -3.1(.002) -0.347   0.708
   C                   0       0.00     NA       NA (.0  )    NA       NA
   D       0.00       17       2.35   -0.08     -2.1(.031) -0.505   0.937
   1       1.00      585      80.91    0.26      7.1(.000)  0.124   0.846
   A       0.00       20       2.77   -0.17     -4.5(.000) -0.827   0.938
   B       0.00       75      10.37   -0.12     -3.2(.001) -0.399   0.735
   C                   0       0.00     NA       NA (.0  )    NA       NA
   D       0.00       43       5.95   -0.15     -4.1(.000) -0.544   0.675
   1       1.00      678      93.78    0.16      4.4(.000)  0.044   0.851
   A                   0       0.00     NA       NA (.0  )    NA       NA
   B       0.00        3       0.41   -0.04     -1.0(.313) -0.487   0.651
   C       0.00       32       4.43   -0.11     -3.0(.002) -0.526   0.964
   D       0.00       10       1.38   -0.12     -3.1(.002) -0.839   0.65
   1       1.00      655      90.59    0.30      8.3(.000)  0.083   0.833
   A       0.00       55       7.61   -0.26     -7.1(.000) -0.75    0.797
   B                   0       0.00     NA       NA (.0  )    NA       NA
   C       0.00        8       1.11   -0.06     -1.7(.087) -0.428   0.723
   D       0.00        5       0.69   -0.15     -3.9(.000) -1.348   0.893
   1       1.00      686      94.88    0.20      5.4(.000)  0.043   0.85
   A       0.00        4       0.55   -0.08     -2.2(.024) -0.861   1.024
   B       0.00       22       3.04   -0.09     -2.4(.013) -0.499   0.687
   C                   0       0.00     NA       NA (.0  )    NA       NA
   D       0.00       11       1.52   -0.18     -4.8(.000) -1.104   1.025
   1       1.00      581      80.36    0.31      8.8(.000)  0.152   0.835
   A       0.00      122      16.87   -0.26     -7.1(.000) -0.566   0.705
   B       0.00       14       1.94   -0.17     -4.6(.000) -0.958   0.783
   C                   0       0.00     NA       NA (.0  )    NA       NA
   D       0.00        6       0.83   -0.05     -1.3(.189) -0.504   0.658
   1       1.00      585      80.91    0.35      9.9(.000)  0.16    0.821
   A       0.00       46       6.36   -0.26     -7.2(.000) -0.915   0.682
   B       0.00       84      11.62   -0.20     -5.5(.000) -0.511   0.715
   C       0.00        8       1.11   -0.08     -2.0(.038) -0.71    0.829
   D                   0       0.00     NA       NA (.0  )    NA       NA
   1       1.00      666      92.12    0.12      3.1(.002)  0.033   0.873
   A       0.00       24       3.32   -0.10     -2.8(.005) -0.438   0.754
   B                   0       0.00     NA       NA (.0  )    NA       NA
   C       0.00       16       2.21   -0.05     -1.4(.160) -0.285   0.709
   D       0.00       17       2.35   -0.03     -0.9(.347) -0.226   0.608
   1       1.00      643      89.06    0.22      6.1(.000)  0.072   0.838
   A                   0       0.00     NA       NA (.0  )    NA       NA
   B       0.00       27       3.74   -0.12     -3.2(.001) -0.535   0.975
   C       0.00       24       3.32   -0.11     -2.9(.004) -0.505   0.889
   D       0.00       28       3.88   -0.14     -3.9(.000) -0.595   0.862
   1       1.00      668      92.39    0.12      3.3(.001)  0.041   0.868
   A       0.00        5       0.69   -0.02     -0.4(.670) -0.32    0.68
   B       0.00        2       0.28   -0.08     -2.2(.025) -0.791   1.968
   C       0.00       48       6.64   -0.11     -2.9(.003) -0.447   0.661
   D                   0       0.00     NA       NA (.0  )    NA       NA
   1       1.00      563      77.87    0.39     11.3(.000)  0.184   0.809
   A       0.00       50       6.92   -0.19     -5.1(.000) -0.625   0.701
   B                   0       0.00     NA       NA (.0  )    NA       NA
   C       0.00       18       2.49   -0.11     -2.9(.003) -0.492   0.967
   D       0.00       92      12.72   -0.29     -8.1(.000) -0.657   0.744
   1       1.00      565      78.15    0.45     13.5(.000)  0.21    0.783
   A       0.00        8       1.11   -0.09     -2.4(.014) -0.893   0.738
   B       0.00      143      19.78   -0.40    -11.7(.000) -0.703   0.744
   C       0.00        7       0.97   -0.18     -4.8(.000) -1.195   0.49
   D                   0       0.00     NA       NA (.0  )    NA       NA
   1       1.00      545      75.48    0.31      8.8(.000)  0.174   0.841
   A                   0       0.00     NA       NA (.0  )    NA       NA
   B       0.00        4       0.55   -0.01     -0.1(.857) -0.31    0.351
   C       0.00      163      22.58   -0.28     -7.9(.000) -0.519   0.71
   D       0.00       10       1.39   -0.13     -3.3(.001) -0.708   0.931
   1       1.00      302      41.77    0.45     13.6(.000)  0.503   0.712
   A       0.00       75      10.37   -0.10     -2.8(.005) -0.321   0.721
   B       0.00      103      14.25   -0.12     -3.2(.001) -0.265   0.844
   C                   0       0.00     NA       NA (.0  )    NA       NA
   D       0.00      243      33.61   -0.32     -9.0(.000) -0.402   0.778
   1       1.00      559      77.32    0.35     10.0(.000)  0.173   0.831
   A                   0       0.00     NA       NA (.0  )    NA       NA
   B       0.00       25       3.46   -0.16     -4.2(.000) -0.617   0.766
   C       0.00      136      18.81   -0.29     -8.2(.000) -0.557   0.719
   D       0.00        3       0.41   -0.06     -1.6(.104) -0.918   0.496
   1       1.00      573      79.25    0.39     11.3(.000)  0.169   0.8
   A       0.00       45       6.22   -0.17     -4.5(.000) -0.569   0.815
   B       0.00       38       5.26   -0.19     -5.3(.000) -0.682   0.769
   C       0.00       67       9.27   -0.26     -7.1(.000) -0.635   0.858
   D                   0       0.00     NA       NA (.0  )    NA       NA
   1       1.00      609      84.23    0.33      9.5(.000)  0.123   0.827
   A       0.00        6       0.83   -0.15     -4.0(.000) -1.152   0.782
   B       0.00      105      14.52   -0.30     -8.5(.000) -0.603   0.771
   C                   0       0.00     NA       NA (.0  )    NA       NA
   D       0.00        3       0.41   -0.03     -0.8(.391) -0.632   1.309
   1       1.00      556      76.90    0.34      9.6(.000)  0.176   0.815
   A                   0       0.00     NA       NA (.0  )    NA       NA
   B       0.00        6       0.83   -0.07     -1.8(.067) -0.665   1.261
   C       0.00      160      22.13   -0.32     -9.2(.000) -0.561   0.766
   D       0.00        1       0.14   -0.06     -1.5(.119) -1.211   0
   1       1.00      688      95.16    0.26      7.1(.000)  0.05    0.847
   A       0.00       15       2.07   -0.21     -5.8(.000) -1.048   0.659
   B       0.00       13       1.80   -0.09     -2.3(.019) -0.656   0.801
   C                   0       0.00     NA       NA (.0  )    NA       NA
   D       0.00        7       0.97   -0.14     -3.7(.000) -1.079   0.615
   1       1.00      487      67.36    0.35      9.8(.000)  0.235   0.826
   A       0.00       42       5.81   -0.25     -6.9(.000) -0.809   0.745
   B       0.00        1       0.14   -0.04     -1.1(.252) -0.707   0
   C                   0       0.00     NA       NA (.0  )    NA       NA
   D       0.00      193      26.69   -0.23     -6.3(.000) -0.398   0.726
   1       1.00      539      74.55    0.22      6.1(.000)  0.145   0.857
   A       0.00      103      14.25   -0.13     -3.5(.000) -0.379   0.783
   B                   0       0.00     NA       NA (.0  )    NA       NA
   C       0.00       51       7.05   -0.10     -2.6(.010) -0.366   0.679
   D       0.00       30       4.15   -0.13     -3.6(.000) -0.586   0.761
   1       1.00      663      91.83    0.27      7.4(.000)  0.078   0.843
   A       0.00       49       6.79   -0.25     -6.9(.000) -0.843   0.693
   B                   0       0.00     NA       NA (.0  )    NA       NA
   C       0.00       10       1.39   -0.09     -2.5(.013) -0.692   0.563
   D                   0       0.00     NA       NA (.0  )    NA       NA
   1       1.00      636      87.97    0.34      9.6(.000)  0.113   0.819
   A                   0       0.00     NA       NA (.0  )    NA       NA
   B       0.00       70       9.68   -0.24     -6.6(.000) -0.693   0.773
   C       0.00       12       1.66   -0.24     -6.5(.000) -1.327   0.544
   D       0.00        5       0.69   -0.11     -2.9(.003) -0.973   0.93
   1       1.00      612      84.65    0.41     12.2(.000)  0.158   0.8
   A       0.00       28       3.87   -0.21     -5.6(.000) -0.941   0.743
   B       0.00       76      10.51   -0.33     -9.5(.000) -0.807   0.712
   C                   0       0.00     NA       NA (.0  )    NA       NA
   D       0.00        7       0.97   -0.07     -1.9(.046) -0.853   0.708
   1       1.00      622      86.03    0.10      2.7(.007)  0.057   0.846
   A       0.00       21       2.90   -0.20     -5.5(.000) -0.915   1.082
   B                   0       0.00     NA       NA (.0  )    NA       NA
   C       0.00       75      10.37    0.02      0.4(.663) -0.121   0.795
   D       0.00        5       0.69   -0.07     -1.9(.050) -0.809   0.862
   1       1.00      662      91.56    0.23      6.2(.000)  0.064   0.844
   A       0.00        7       0.97   -0.09     -2.4(.013) -0.967   1.135
   B       0.00       11       1.52   -0.19     -5.3(.000) -1.052   0.765
   C       0.00       43       5.95   -0.13     -3.4(.001) -0.491   0.779
   D                   0       0.00     NA       NA (.0  )    NA       NA
   1       1.00      691      95.57    0.25      6.9(.000)  0.047   0.838
   A       0.00        5       0.69   -0.03     -0.7(.470) -0.552   0.536
   B       0.00       20       2.77   -0.19     -5.1(.000) -0.849   1.05
   C                   0       0.00     NA       NA (.0  )    NA       NA
   D       0.00        7       0.97   -0.19     -5.1(.000) -1.404   0.697
   1       1.00      688      95.16    0.24      6.5(.000)  0.052   0.837
   A                   0       0.00     NA       NA (.0  )    NA       NA
   B       0.00       15       2.07   -0.19     -5.1(.000) -1.1     1.102
   C       0.00       20       2.77   -0.15     -3.9(.000) -0.833   0.665
   D                   0       0.00     NA       NA (.0  )    NA       NA
   1       1.00      536      74.24    0.35     10.1(.000)  0.189   0.798
   A                   0       0.00     NA       NA (.0  )    NA       NA
   B       0.00       54       7.48   -0.06     -1.6(.091) -0.316   0.898
   C       0.00       78      10.80   -0.29     -8.2(.000) -0.683   0.829
   D       0.00       54       7.48   -0.18     -4.9(.000) -0.493   0.746
   1       1.00      652      90.18    0.25      6.8(.000)  0.073   0.857
   A       0.00       35       4.84   -0.20     -5.4(.000) -0.76    0.661
   B                   0       0.00     NA       NA (.0  )    NA       NA
   C       0.00       19       2.63   -0.11     -2.8(.005) -0.58    0.635
   D       0.00       17       2.35   -0.09     -2.3(.017) -0.408   0.694
   1       1.00      619      85.62    0.07      2.0(.046)  0.037   0.871
   A       0.00       66       9.13   -0.03     -0.9(.362) -0.157   0.735
   B                   0       0.00     NA       NA (.0  )    NA       NA
   C       0.00       15       2.07   -0.07     -1.8(.062) -0.435   0.782
   D       0.00       23       3.18   -0.04     -0.9(.325) -0.135   1.013
   1       1.00      533      73.82    0.26      7.2(.000)  0.151   0.819
   A       0.00       11       1.52   -0.22     -6.1(.000) -1.428   0.533
   B       0.00      168      23.27   -0.16     -4.2(.000) -0.305   0.838
   C                   0       0.00     NA       NA (.0  )    NA       NA
   D       0.00       10       1.39   -0.18     -4.9(.000) -1.071   0.516
   1       1.00      562      77.84    0.12      3.2(.001)  0.074   0.865
   A       0.00       53       7.34   -0.04     -1.1(.260) -0.211   0.856
   B                   0       0.00     NA       NA (.0  )    NA       NA
   C       0.00        7       0.97   -0.12     -3.1(.002) -0.82    0.872
   D       0.00      100      13.85   -0.08     -2.1(.034) -0.205   0.791
   1       1.00      535      74.10    0.22      6.0(.000)  0.126   0.848
   A       0.00       29       4.02   -0.10     -2.6(.009) -0.546   0.68
   B       0.00       19       2.63   -0.15     -4.1(.000) -0.83    0.844
   C                   0       0.00     NA       NA (.0  )    NA       NA
   D       0.00      139      19.25   -0.13     -3.6(.000) -0.232   0.823
   1       1.00      193      26.73    0.41     11.9(.000)  0.647   0.719
   A       0.00        1       0.14    0.06      1.6(.093)  2.322   0
   B                   0       0.00     NA       NA (.0  )    NA       NA
   C       0.00       25       3.46   -0.12     -3.1(.001) -0.512   0.908
   D       0.00      503      69.67   -0.35    -10.0(.000) -0.222   0.779
   1       1.00      463      64.04    0.28      7.6(.000)  0.202   0.816
   A       0.00      151      20.89   -0.09     -2.5(.011) -0.241   0.785
   B       0.00       14       1.94   -0.09     -2.3(.020) -0.509   0.93
   C       0.00       95      13.14   -0.24     -6.6(.000) -0.496   0.894
   D                   0       0.00     NA       NA (.0  )    NA       NA
   1       1.00      711      98.34    0.00      0.0(.935)  0.005   0.869
   A       0.00       12       1.66   -0.00     -0.0(.935) -0.054   0.636
   B                   0       0.00     NA       NA (.0  )    NA       NA
   C                   0       0.00     NA       NA (.0  )    NA       NA
   D                   0       0.00     NA       NA (.0  )    NA       NA
   1       1.00      684      94.74    0.19      5.0(.000)  0.042   0.861
   A                   0       0.00     NA       NA (.0  )    NA       NA
   B       0.00       21       2.91   -0.15     -4.0(.000) -0.754   0.52
   C       0.00        2       0.28   -0.10     -2.6(.008) -1.221   1.503
   D       0.00       15       2.08   -0.08     -2.2(.028) -0.495   0.716
   1       1.00      509      70.40    0.35     10.0(.000)  0.207   0.803
   A       0.00       17       2.35   -0.18     -4.9(.000) -0.859   0.822
   B       0.00      111      15.35   -0.29     -8.1(.000) -0.606   0.794
   C       0.00       86      11.89   -0.09     -2.3(.020) -0.242   0.79
   D                   0       0.00     NA       NA (.0  )    NA       NA
   1       1.00      453      62.74    0.09      2.5(.013)  0.081   0.864
   A                   0       0.00     NA       NA (.0  )    NA       NA
   B       0.00      255      35.32   -0.05     -1.3(.178) -0.088   0.844
   C       0.00       11       1.52   -0.09     -2.5(.012) -0.6     0.74
   D       0.00        3       0.42   -0.15     -3.9(.000) -1.414   0.997
   1       1.00      437      60.69    0.32      9.1(.000)  0.252   0.827
   A       0.00       46       6.39   -0.21     -5.7(.000) -0.691   0.727
   B       0.00      160      22.22   -0.16     -4.3(.000) -0.328   0.808
   C       0.00       77      10.69   -0.13     -3.5(.000) -0.286   0.737
   D                   0       0.00     NA       NA (.0  )    NA       NA
   1       1.00      255      35.27    0.17      4.7(.000)  0.279   0.882
   A                   0       0.00     NA       NA (.0  )    NA       NA
   B       0.00       68       9.41   -0.04     -0.9(.334) -0.074   0.857
   C       0.00       37       5.12   -0.03     -0.7(.462) -0.13    0.622
   D       0.00      363      50.21   -0.13     -3.6(.000) -0.161   0.831
   1       1.00      600      82.99    0.29      8.2(.000)  0.131   0.842
   A                   0       0.00     NA       NA (.0  )    NA       NA
   B       0.00        7       0.97   -0.01     -0.2(.801) -0.364   0.381
   C       0.00       13       1.80   -0.16     -4.2(.000) -0.962   0.635
   D       0.00      103      14.25   -0.25     -7.0(.000) -0.591   0.711
   1       1.00      582      80.50    0.26      7.2(.000)  0.127   0.823
   A       0.00       18       2.49   -0.14     -3.8(.000) -0.729   0.609
   B       0.00       11       1.52   -0.18     -4.9(.000) -1.237   0.698
   C       0.00      112      15.49   -0.16     -4.4(.000) -0.398   0.863
   D                   0       0.00     NA       NA (.0  )    NA       NA
   1       1.00      649      89.89    0.26      7.0(.000)  0.079   0.847
   A       0.00        3       0.42   -0.12     -3.1(.002) -1.572   0.427
   B       0.00       60       8.31   -0.23     -6.4(.000) -0.668   0.701
   C                   0       0.00     NA       NA (.0  )    NA       NA
   D       0.00       10       1.39   -0.05     -1.2(.216) -0.391   0.888
   1       1.00      635      87.83    0.24      6.6(.000)  0.083   0.844
   A       0.00       46       6.36   -0.15     -4.1(.000) -0.47    0.806
   B       0.00       35       4.84   -0.17     -4.5(.000) -0.688   0.834
   C                   0       0.00     NA       NA (.0  )    NA       NA
   D       0.00        7       0.97   -0.06     -1.7(.088) -0.566   0.706
   1       1.00      526      72.75    0.52     16.4(.000)  0.283   0.756
   A       0.00       59       8.16   -0.28     -7.7(.000) -0.768   0.57
   B                   0       0.00     NA       NA (.0  )    NA       NA
   C       0.00      109      15.08   -0.33     -9.2(.000) -0.7     0.731
   D       0.00       29       4.01   -0.20     -5.5(.000) -0.835   0.709
   1       1.00      617      85.34    0.34      9.8(.000)  0.124   0.83
   A       0.00       27       3.73   -0.26     -7.1(.000) -1.03    0.682
   B       0.00        4       0.55   -0.13     -3.6(.000) -1.212   0.704
   C       0.00       75      10.37   -0.21     -5.6(.000) -0.547   0.707
   D                   0       0.00     NA       NA (.0  )    NA       NA
   1       1.00      332      45.92    0.32      9.0(.000)  0.356   0.807
   A                   0       0.00     NA       NA (.0  )    NA       NA
   B       0.00      316      43.71   -0.20     -5.4(.000) -0.259   0.791
   C       0.00       74      10.24   -0.19     -5.1(.000) -0.437   0.819
   D       0.00        1       0.14   -0.09     -2.3(.020) -1.304   0
   1       1.00      514      71.29    0.31      8.8(.000)  0.188   0.832
   A                   0       0.00     NA       NA (.0  )    NA       NA
   B       0.00       56       7.77   -0.12     -3.1(.002) -0.387   0.789
   C       0.00      105      14.56   -0.31     -8.8(.000) -0.627   0.73
   D       0.00       46       6.38    0.00      0.0(.978) -0.142   0.781
   1       1.00      566      78.28    0.42     12.3(.000)  0.195   0.81
   A       0.00       34       4.70   -0.24     -6.5(.000) -0.9     0.683
   B       0.00      112      15.49   -0.29     -8.0(.000) -0.594   0.693
   C                   0       0.00     NA       NA (.0  )    NA       NA
   D       0.00       11       1.52   -0.15     -4.1(.000) -0.941   0.557
   1       1.00      636      87.97    0.21      5.6(.000)  0.064   0.853
   A       0.00       17       2.35   -0.06     -1.6(.110) -0.284   0.805
   B       0.00       21       2.90   -0.09     -2.3(.020) -0.4     0.752
   C                   0       0.00     NA       NA (.0  )    NA       NA
   D       0.00       49       6.78   -0.17     -4.7(.000) -0.499   0.888
   1       1.00      692      95.71    0.19      5.1(.000)  0.036   0.857
   A       0.00       10       1.38   -0.09     -2.4(.016) -0.686   0.856
   B       0.00       14       1.94   -0.13     -3.4(.001) -0.638   0.768
   C       0.00        7       0.97   -0.10     -2.8(.005) -0.917   0.588
   D                   0       0.00     NA       NA (.0  )    NA       NA
   1       1.00      443      61.36    0.34      9.6(.000)  0.251   0.81
   A       0.00      172      23.82   -0.20     -5.4(.000) -0.338   0.776
   B                   0       0.00     NA       NA (.0  )    NA       NA
   C       0.00       11       1.52   -0.12     -3.2(.001) -0.682   0.618
   D       0.00       96      13.30   -0.20     -5.3(.000) -0.452   0.867
   1       1.00      614      84.92    0.13      3.6(.000)  0.073   0.856
   A       0.00       17       2.35   -0.06     -1.5(.114) -0.412   0.845
   B       0.00       46       6.36   -0.00     -0.0(.987) -0.058   0.723
   C       0.00       46       6.36   -0.16     -4.3(.000) -0.703   0.794
   D                   0       0.00     NA       NA (.0  )    NA       NA
   1       1.00      710      98.20    0.04      1.1(.239)  0.009   0.866
   A       0.00        2       0.28   -0.02     -0.6(.531) -0.462   0.586
   B       0.00       10       1.38   -0.04     -1.0(.304) -0.248   0.956
   C       0.00        1       0.14   -0.00     -0.0(.927) -0.313   0
   D                   0       0.00     NA       NA (.0  )    NA       NA
==============================================================================
The following traditional statistics are only meaningful for complete
designs and when the amount of missing data is minimal.
In this analysis  0.04%  of the data are missing.

The following results are scaled to assume that a single response
was provided for each item.

N                                723
Mean                           47.64
Standard Deviation              7.13
Variance                       50.80
Skewness                       -0.77
Kurtosis                        0.31
Standard error of mean          0.27
Standard error of measurement   2.78
Coefficient Alpha               0.85
==============================================================================
