3390362121122322333333
3405581121122553445458
3405658121122322323336
3413761121122443334345
3413820121122332223234
3423978211122222222227
3424246111122333343347
3440529111122444324351
3440549221122554445456
3441241121122333223342
3444879121122555445459
3444944121122444334353
3444961121122554335359
3455286121122433323345
3459175111122333333341
3459326111122222222234
3459375121122544323345
3459429121122222323339
3459432121122565434357
34605041 1122322212231
3463867121122332333236
3463876121122212222119
3464802121122222222234
3464805111122443323344
3464887111122221322228
3465009121122443222341
3473989121122443434453
3480168111122222222233
3486568111122333333336
3488371211122111111114
3488403111122322223332
3488451121122111211223
3488488111122544433350
34890671 1122344434346
3490868121122433333343
3491468111122444434358
3493997121122655435462
3497904121122332333341
3497969121122554334357
3498292121122333333340
3502851121122444324348
3502922111122323223238
3503007111122554445464
3505981121122211112116
3506064121122444434354
3506196121122444445459
3506205121122322232233
3508096121122333322234
3509278111122544434360
3510512111122222233437
3511890122122121221223
3511915121122555445461
3512070122122544345354
3512097121122433333340
3512763 21122443333351
3514233111122443334350
3514310121122444323344
3516090111122443333344
3516716121122433332243
3516735121122444444457
3517426121122332334346
3517714121122434334345
3517748111122222222229
3517938121122221112123
3518237121122544435356
3518254121122111221325
3518629111122333323342
3518786121122322222230
3519140121122222222232
3519522121122111111216
3519642121122332223238
3520116121122443334248
3520159211122111111114
3520188111122333323343
3520209111122322233233
3520671121122333333342
3520704221122444434450
3520931111122332223233
3521221121122544434457
3521314121122444434347
3521493111122433223135
3521722121122222223333
3521744121122544435458
3521752221122222222225
3522023121122323333340
3522082111122333333345
3522503111122322232237
3522538121111333222134
3522582111122332222332
3522781111122221222225
3522860 11122555434455
3522927121122554334255
3523103 21122554445462
3523112121122333223342
3523302111122322323335
3523464121122433323244
3523606211122322222236
3523776111122322223230
3523887111122333323233
3524029121122333333348
3524062111122112221218
3524084111122444334345
3524139121122433334246
3524219121122332334340
3524220121122544333356
3524462121122333333449
3524691121122323222230
3524766121122333333345
3525127121122323333342
3525285211122111221222
3525309111122222222228
3525359121122444445461
3525483121122222232333
3525756111122322223338
3526486111122332223342
3526597121122333322339
3527149121111333334344
3527335121122333323339
3527362111122332322236
3527503121122444334355
3527516121122554435353
3527551121122333334343
3527564111122332333343
3527634121122443334343
3527760121122444334452
3527800121122332323338
3527852121122443334350
3527931121122333322235
3527986121122343334343
3528264121122554444354
3528272111111544333252
3528330121122333333439
3528398121122333334347
3529002111122545434458
3529095121122543434352
3529190121122343323342
3529197121122323333233
3529219121122221222227
3529274112122333233237
3529276121122223333340
3529288111122443324445
3529344112122322122231
3529575211122222222221
3529916111122334223340
3529933121122444444453
3530066111122333323242
3530693111122222232331
3530737121122444434347
3531706111122222332334
35318251 1122444434349
3531935121122555434359
3532010111122444434350
3532084111122222333235
3532111111122121222221
3532116211122222222228
3532408121122443434345
3532714111122333333335
3533069121122444434458
3533111121122444333245
3533253121122554434458
3533260121122433333343
3533362111122322223229
3533486212122111111115
3533526121122222222231
3533668121122222323231
3534139121122222112224
3534186111122232124237
3534197121122333333241
3534486111122443333348
3534510121122332222234
3534593121122333323240
3535081121122323323237
3535134221122322333238
3535178121122333333340
3535219211122211222223
3535379111122223324338
3535543111122222212227
3535733122122111111119
3536279111122322223232
3536310111122222333336
3536337111122322222234
3536375111122333333345
3536444111122443445460
3536486111122332223237
3536514111122443334342
3536546121122233322235
3536819111122552445453
3536868121122434444453
3536993211122222212227
3536994111122333223231
3537007111122444334352
3537020111122333333340
3537152121122121122327
3537242111122232323337
3537260211122322212222
3537338121122333333345
3537360121122222122229
3538338111122222223230
3538373121122111221225
3538449121122332323232
3538795121122443333351
3539317111122323333342
3539339111122222332230
3539361121122332232336
3539397121122444444350
3540096111122111221119
354012921112211110116 
3540233111122332222237
3540268121122434334350
3540335121122332213233
3540813111122222223229
3540820111122222223234
3540937111122333233336
3541111121122222222230
3541163111122322332334
3541273121122221221126
3541366111122232112121
3541427111122333333337
3541460121122544334350
3541933121122222333340
3542030111122433223337
3542174221122333333241
3542428121122654445359
3542723112122332233233
3542752221122433333340
3542772121122333433346
3542873121122443223240
3542879221122332323232
3542902121122444434355
3543685211122221222220
3543908121122332223237
3543944221122333333342
3544055211122332323238
3544317111122232112231
3544348111122543434349
3544398121122444445454
3544630111122333333345
3544631121122222223229
3544996121122323233334
3545014121122222222124
3545028121122333333342
3545080121122333323342
3545538211122332223233
3545645121122332333337
3546157121122322223238
3546164121122332333342
3546481121122333324347
3546569 11122433333343
3546610211122111221120
3546643111122322323438
3546646121122444423345
3546647111222433223236
3547062121122433334351
3547447112122342333344
3547477111122322223336
3547491121122444324350
3547571121122322322333
3547644112122554435354
3547705121122221212226
3547828111122333233339
3547940111122553435355
3548217121122444434350
3548784121122333323346
3548828121122332223236
3548921111122554435459
3548929111122443334351
3549688121122222223337
3550088211122111122224
3550226221122312212227
3550259121122332323334
3550532121122443344350
3550577121122443334345
3550636111122222223130
3550946121122444334348
3551066121122534434354
3551376121122333333342
3551729121122333334448
3551748111122333333339
3551753111122332222233
3551869111122333332341
3551930121122444334349
3551987111122333334343
3552129121122222233237
3552420221111111111114
3552580111122655445467
3552594112122444333345
3552606111122544445358
3552901111122433323246
3552915111122555434361
3553282121122322232233
3553294121122222222223
3553853121122333333241
3554381121122332332333
3554397111122333333335
3554412121122444333342
3554816111122333323241
3554851121122333323237
3555109121122222222229
3555203211122222222229
3555282121122333433341
3555301121122333323341
3555353121122433333340
3555438221122333323340
3555520221122333333337
3555722121122111111120
3555959111122332332237
3556007111122332233438
3556204111122322322235
3556252121122222222235
3556283121122443434354
3556328121122444434352
3556382121122332222331
3556806121122443434350
3556997121122444434348
3557024121122232323337
3557075121122222212125
3557259122122222233335
3557644211122333334343
3557959121111443333346
3558225111122333333338
3558251111122333334348
3558803121122333333441
3559054111122444344451
3559257121122554435363
3559310121122443334352
3559393111122332233333
3559439111122443443452
3559474121122333232234
3559479121122444323349
3559502121122555435457
3559761111122434334445
3559864111122444334245
3559882111122332333340
3560036121122444334448
3560096111122333333338
3560102121122444446455
3560262111122443334351
3560316121122445444456
3560486111122454434459
3560778121122211222219
3560791121122322322234
3560906111122222324337
3561195121122333323343
3561258121122554435464
3561347121122443334345
3561349121122433324345
3561556111122222222335
3561577121122443323245
3561785121122443434346
3562040121111333333344
3562191111122333323343
3562516111122232222230
3562520111122443334345
3562577121122433424348
3562831111122222222231
3563270111122212222229
3563353121122211122226
3563499111122332223233
3563523121122444434455
3563672111122222223335
3563818111122554435455
3564121121122433323242
3564394111122322212129
3564604111122222222228
3565055121122333232336
3565118121122444334344
3565344121111544444456
3565352121111443334342
3565436121111333323343
3565702121122222222130
3565820121122332323239
35658261 1122333333347
3565860121122222222230
3565879211122111111114
3565885121122343445450
3565930121122333323344
3565947121122544434358
3565972111122443334343
3566721121122333333338
3566786121122333333342
3566899111122443434249
3567121121122665445466
3567312121122333333342
3567329121122544435352
3567778111122111111114
3567843121122333334343
3567845111122121221124
3567928121122322232336
3568104121122333334342
3568239111122444434349
3568284111122332332335
3568314211122111111114
3568352111122222222226
3568377121122322332332
3568389121122333333342
3568468121122554445459
3568769121122343434448
3568798121122332333237
3568800121122433434343
3568821121122222222232
3568823111122221112227
3568885111122544444357
3568913111122334334348
3568936121122333333338
3568952121122222223231
3569138121122332333336
3569266121122554546466
3569778111122443323245
3569871121111332222237
3570067121122332323238
3570310121122553334351
3570414211122443423343
3570441111122333323343
3570508111122654445463
3570541111122555445468
3570925121122323333132
3570926121122333333241
3571024111122333334342
3571047121122332322236
3571153121122333334344
3571612111122222222233
3571710121122333223337
3571830211122222222233
3571998111122544435356
3572025111122222112124
3572606121122443334346
3572614111122555545463
3573028121122222112228
3573147211122332222234
3573386111122433344351
3573407111122322322336
3573447111122554224251
3573483111122444333352
3573603121122222222233
3573884211122222222227
3573895111122222222228
3573899121122544434351
3573951111122222222228
3573957111122222222229
3573962111122222323332
3574057111122433333345
3574079111122333223342
3574206121122434333345
3574372121122333333342
3574731111122444334351
3574955122122332323234
3575079111122222323234
3575711121122333334343
3575730112122222222226
3576480121122433333343
3576535121122333334350
3576605111122443333345
3576727221122333333238
3576887111122332222237
3576907122122544444453
3577247121122333333335
3578069111122333333346
3578271111122111222224
3578360121122332323342
3578411111122343333339
3578743121122444444451
3578803121122555445461
3578869221122221221223
3578893111122333334342
3579002121122333333342
3579068121122333334342
3579287111122111112122
3579499111122332323334
3579507121122554444464
3579548221122222222228
3579729121122332222234
3580100121122333333346
3580196221122222222224
3580343121122322223234
3580890121122333333347
3581051121122333332338
3581092121122444334347
3581140121122332333339
3581230 11122222222228
3581267111122433434349
3581437122122333233335
3581593111122433333339
3581618121122343333243
3581699211122111211216
3582703121122444434460
3582762121122211223329
3582781221122322323339
3583227121222443223243
3583246111122433323344
3583345121122554435359
3583391121122555434361
3583646111122332223336
3583870121122332333338
3584215111122443334351
3584330111122554435354
3584419111122554435466
3584829221122443332239
3584927111122443334348
3585200111122443333243
3585804121111222223338
3585983121122322232234
3586354121122333223337
3586424111122333323336
3586522111122222222125
3586609111122221222330
3586739122122444445352
3586751121122544435353
3587316121122222222229
3587325121122333434343
3587559121122323333341
3587576111122333333338
3587693121122443434348
3587788121122322334241
3587821221122222221226
3587900111122333333337
3588116121122443334444
3588168111122332323241
35882001 1122332222227
3588247122122332333236
3588348111122222222228
3588528121122343334341
35885551 1122332222332
3588730211122212222229
3588788211122222222222
3589118121122333322338
3589645111122443333245
3589652122122332223239
3589734121122432332237
3589761111122322223336
3589769111122222222226
3589987111122444434350
3589995121122222333339
3590028111122222222223
3590038221122222222228
3590057121122333232242
3590072221122222222225
3590139111122333434444
3590389122122333334345
3590485111122111111119
3591191121122333233242
3591510121122333222233
3591523111122344434347
3591567111122111111121
3591654121122333334346
3592117111122443333342
3592187111122332323237
3592233111122544445456
3592290111122554435363
3592643122122443334352
3593085111122111111117
3593581111122333323244
3593805112122434333340
3595502111122322222235
3595547111122323222231
3595587111122443333347
3595672111122333223239
3596207111122333333338
3596414121122443334452
3596418121122444434351
3596547121122222222226
3596641111122434444451
3596920122122111111114
3597019121122544435462
3597028121122554434353
3597235111122443424452
3597320111122443333347
3597579121122444334450
3597922121122332334343
3597947111122333223236
3598001111122433334350
3598034111122554334356
3598343111122111111116
3598372121122333223236
3598373111122433333342
3598464111122433332237
3598746111122322223333
3598781112122111111114
3598828112122332223334
3599500111122343334343
3599527121122433333341
3599615111122332223336
3599675111122555445458
3599705111122333333241
3600173121122443334349
3600211121122433333341
3600508121122332333238
3600687221122100111111
3600744111122333323244
3600749112122322332335
3601118121122444334353
3601146121122444434354
3601160121122443224347
3601379121122444334346
3601511111122323333342
3601698121122333333344
3601732122122211121121
3602174111122444334355
3602304211122222221227
3602409111122433313442
3602432111122332224338
3602446111122443334345
3603107111122443333448
3603182121122434444347
3603638121122443333345
3603660121122343334343
3603687121122333333341
3603689121122554445460
3603697121122332333344
3604106111122322222229
3604267111122333333345
3604314121122121111122
3604616221122111111117
3604892211122111111114
3605046111122333334341
3605119211122212122225
3605199111122323333345
3605513211122222333336
3605825121111333334343
3606532111122323223238
3606747111122221222331
3607072121122333323235
3607099111122333223340
3607209121122444434354
3607279121122434333342
3607411121122433243451
3607452221122332223234
3607966121122333323346
3608026111122333323442
3608302111122323323240
3608429121222333323340
3608701111122432323237
3608708111122322222233
3608747121122343223343
3608807112122222223331
3608993121122323333341
3609136121122332223232
3609143121122322322231
3609203121122212222228
3609262111122333324340
3609896121122544434454
3609903111122423334344
3610065111111222222225
3610068111122544435357
3610089111122333323240
3610624121122333233344
3611501211122222222229
3611521121122444333345
3611526111122544445357
3611595111122111212222
3611616111122332313238
3611691121122222222231
3611711121122433333445
3611895111122332333341
3611937221122333333341
3612196121122444434351
3612200121122332223240
3612337121122232222232
3612812211122222223224
3612908111122333333343
3613395111122444333246
3613494211122322323333
3614206121122443334349
3614230121122333323341
3614237121122443323346
3614523121122333333339
3614603111122333323337
3615157121122444434347
3615218121122333233337
3615222221122333333239
3615647111122332223335
3615673121122443333348
3615784111122544445463
3615975111122222222234
3615979121122333333343
3616006121122332333341
3616035111122222222228
3616188111111333333345
3616256111122665535363
3616978111122332323341
3617259211122322223231
3617279121122322223237
3617553121122232222233
3617573111122433334349
3618317111111222222231
3619700111222443334347
3619769111122333233341
3619790111122322323333
3619813111122332332236
3619814111122222222231
3620194111122332334346
3620223111122333223344
3620312111122444334348
3620317111122443334348
3620327111122333333344
3620352211122222222233
3621529121122544444459
3621566121122222223330
3621572221122222212228
3621593111122333433343
3621594121122333313237
3621598121122332223227
3622531121111544434353
3622535121111444444353
3622565121111311222327
3622680112122222222233
3622693111122332323239
3622790121122323323333
3622795111122443333341
3622819121122443334346
3622839121122544435354
3622978211122222322230
3623133121122332333343
3623325111122222222331
3623485111122223222236
3623754121122322212233
3623762111111333433350
3624246211122111111015
3624254111122444333345
3624386111122332223338
3624745111122433334351
3624811121122333333240
3624839121122222222227
3624979121122222222336
3625199121122323333233
3625200121122222222229
3625496111222111222219
3625576111122322232337
3625653111122443334352
3625854121111322323232
3626044121122232333340
3626288121122332322231
3626681112122333233234
3626730121111333323343
3626732111111554334353
3626765111122222323338
3626840111122121222226
3626939121122111111121
3627051221122111111113
3627649111122322222230
3627840121122544334450
3627843121122222233331
3627968122122222122123
3628019111122343334341
3628029111122222232230
3628046111122444444450
3628051122122222112227
3628135212122111111120
3628156121122211222226
3628178122122332234341
3628216211122221222227
3628221121122333333337
3628383122122332333334
3628432121122333333338
3628535111122444334351
3628541111122223233332
3628614221122110001010
3628640211122111111117
3628660121122444323243
3628731111122111222223
3628836121122333333246
3628954121122222222234
3629006122122221112226
3629171121122332332232
3629436121122322333339
3629634111122323223232
3629768221122322223330
3629813121122543435453
3630027111122444434347
3630106211122111111116
3630451121111322223233
3630454121111111111222
3630561221122322222228
3630676111122443334342
3632256112111433222234
3632668211122212222220
3632830211122111111119
3633111112122322122229
3633205121122433333248
3633239121122544444455
3633256111111333333347
3633953121111443434447
3634035111111333223241
3634253121122111111114
3635411121111444333347
3635494121111222222336
3635550111111333324339
3635678111111333333340
3635761121111443333349
3635903121111433444446
3636228111111333333345
3636319121111554435457
3636523121111333333236
3637185111111223223232
3637233111111322223232
3637385111122332223230
3637678121111333233341
3637721121111333323243
3638729111111333323340
3638789111111443434349
3639063121111333333336
3639932111111222222227
3640061121111322332238
3640549121111443434354
3640714121111554434454
3640721121111333334338
3640857111111444334355
3641106121111333223232
3641390121111322323337
3641533111111212222226
3641669111111222222235
3642063121111333323238
3642230111111443333351
3642276111111333233342
36423321 1111222223336
3642972111111433233245
3642979121111323323341
3643011121111443334353
3643091111111333333337
3643094121111553334352
3643294121111323223237
3643316111111323333340
3644485111111443434347
3644628111111443324344
3645126121111443334350
3645271111111444334356
3645469111111333333346
3645864111111665545466
3645882111111433434346
3645924111111543333250
3646054111111333334445
3646078111111333334342
3647094121111544435355
3647104121111211222125
3647123111111232222235
3647859121111222222225
3647914111111222323234
3648206111111222222231
3648213111111333233345
3648584121111323333338
3648681111111333333347
3648904111111322333344
3649037111111444324249
3649059112111232122230
3649093121111544445362
3649282121111333333335
3649501111111333323334
3649578121111544334348
3649608121111332323239
3649771121111443333344
3649947121111333233341
3650014121111443345451
3650513121111333233341
3651698111111343433344
3652331121111434434454
3652683111111321222229
3652731121111333334447
3652811111111333333345
3652977111111343334346
3653045111111444334348
3653840121122332223332
3654091111111222322331
3654141121111333333339
3654230121111322223237
3655142111111332223335
3655425121111333323240
3655452111111213332335
3655498121111333334345
3655739121111343324139
3655856121111232333343
3656311121111444434453
3656439121111333343343
3656672121111323323235
3656895121111554434455
3657316121111444434351
3657396121111333443447
3657698111111212212123
3657744111111322223235
3658137121111554445458
3658365111111443434347
3658418121111554445456
3658583121111222222228
3658986121111222222234
3659930121111333434443
3660441121111333222236
3660481121111332222233
3660679111111544444459
3660718111111444334351
3660851121111654335356
3660930112122322223232
3661326111111333333347
3661597111111434434347
3661616121111554434358
3662112121111444334248
3662963111122222222333
3663218112111221112120
3663310111111434233346
3663395121111222222232
3663524121111433324241
3663542121111434324345
3663725221122443434346
3664393111111222122232
3664519121111333434346
3664596111111333324241
3664954111111322223237
3665417111111333323344
3665736121111222222228
3666137121111332222234
3666516121111333334342
3668883121111322233337
3668986121111332323340
3669572111111445444457
3669593111111110110112
3669615121111333333339
3669667111111222222228
3669989121111211222227
3670269121111323323342
3671041121111554334350
3671491121111643445462
3671606121111543434355
3671666122122433333347
3671700121122222233234
3671817121111332333342
3671838111111222222227
3673180221122322222231
3673344121111332223238
3673520111111222334337
3674413111111333333335
3674470111111333324345
3674581111111333334344
3674773111111333333241
3674931121111444334349
3674960121111333333237
3675217121111323332337
3675223111111232333338
3675438121111333223232
3675662121111665546471
3675765121111332332339
3675994121111554435358
3676090111111333333241
3676154111111222223235
3676291111111334333344
3676315121111343334342
3676344121111444334246
3676370121111333323344
3676379121111444434349
3676737111111332223337
3676845121111443434251
3676878121111444334356
3676939121111222211125
3677610111122322222234
3677939121122222222330
3678586121111323323337
3678934111111333223233
3679113111111222222230
3679140121111332333338
3679147121111232333342
3679599111111211112224
3679620111111111111119
3679710121111333333343
3680219121111222222227
3680396121111444444450
3680553111111221222228
3680679111111223212224
3680726111111222223236
36808781 1111543324349
3680909121111443334352
3681173121111333232340
3681969111111333233338
3682593121111332322236
3682766211122111111116
3682796111122334333442
3682886111122222222235
3683043111111232223330
3683163121111333333342
3683919121111544444458
3683981111111333434346
3684294121122333334344
3684626121111332323334
3684769121111212121123
3684831121111222222233
36850231211 1323334440
3685537121111544435354
3685776121111333333443
3686084121111222332236
3686834121111554435459
3687042121111453334350
3687249121111443344347
3687406111111221122128
3687420121111222222231
3687473111111333333347
3687881121111333333242
3687900121111222111120
3688801121111222333336
3689569111111222232232
3690104121111111122123
3690843111111443334349
3690915111122443344346
3691318111122222223229
3691474111111443333344
3692066121111444433347
3692117111111322222338
3692321121111433333344
3692354111111443333344
3692563121111333333346
3692926111111444434347
3693008111111222323230
3693011121111323232339
3693246121111333323243
3693374111111323333341
3693524111111443334347
3693673121111444334350
3693723121111222222224
3693807121111554435356
3694038121111433334445
3694285121111554445456
3694700121111555544461
3695235111111454434359
3695237111111443334345
3696036121111333333345
3696151121111443333350
3697044121111443434348
3697332121111444444459
3697361121111333233137
3697766111122222223333
3698030121111445445459
3699050111111322223336
3699280111111333333245
3700110121111544445461
3700133121111333223237
3700320121111322222231
3701046121111333322239
3701063111111333334340
3701512121111422324342
3701516121111554435459
3701528121111554435355
3701536111111222212227
3701679111111332223135
3701814111111444333347
3702119121111333333245
3702126121111444333350
3702993111122322332336
3704505111111433334245
3704571111111222222228
3705024121111443434347
3705407111111222222233
3705526121111554445363
3705607111111433334449
3705728121111333324338
3705842121111554434461
3706222121122222222231
3706316121111544445455
3706381121111544435358
3707068121111333233236
3707092121111323223232
3707472121111222222235
3707596121111333333346
3707610111111322222231
3708212121111322223230
3708333121111221222328
3708406121111545435360
3708776121111444433452
3708800111122333334342
3709318121111333333348
3709521121111433323345
3709717111111332223340
3710392121111444334346
3710737121111554434355
3710957121111433333338
3711436121111333233338
3711615121122333333241
3712080111111443333340
3712087111111121111122
3712611121122333334348
3712717121122443334341
3712776121111333323242
3712801121122322222232
3712912121111221223228
3713327121111333333337
3713528121122212221227
3715316121111333333344
3715802111111323333339
3715915121111444434351
3716073121111222222227
3716075111111433323337
3716089111111333223340
3716980121111333333240
3717803121122322333333
3718562111122333333342
3718911121111544433350
3719538211111222322231
3719940111111333322234
3720023111111222222227
3720317121111444434346
3720403111111333323340
3720468211122222122229
3720558121111332222236
3721621111111444333346
3721678111122111211123
3721773121111333333240
3722562111111333322237
3722967111111322333332
3723378121111333334347
3724278111111322323237
3724324111111343444347
3724866111111332333445
3725127121111544334357
3725282121111342223241
3725402121111222222228
3725623121122322322235
3725655121111443333343
3725780121111332323240
3727140111122323333342
372714111112211111117 
3727899121111322222333
3728066111111222222228
3728168121111333333343
3728192121111332223238
3728338121111333223338
3729296122122322222230
3729301122122333233239
3729540111111333333343
3731172111111444435350
3731277121111333333345
3731438111111553434349
3731513121111322333340
3731599111111332122232
3731782121111333333343
3731796121111333334344
3732279111111533333347
3732520121111443434353
3732672121122333223239
3732701111111555545461
3732731122122221111124
3732891121111443333244
3733649111111333333236
3733698121111333333340
3734239121111544334449
3734249121111333333244
3734263121111444545357
3734303111111222223330
3734801121111221222229
3734988111111343223345
3735457121111333334345
3737753111111544434351
3737902111111222222234
3737990111111121222219
3738326121111443444453
3738535112122332223240
3738936111111332333335
3739799111111332324345
3739914211122111122321
3740035111111443333343
3740836112122343333446
3740974121111332232231
3741846211122222222233
3741970111111323333235
3742062111111333324340
37422911 1111333333443
37425931211 1322333339
3743259112122111111114
3743293221122222222231
3743655121111333333347
3743677121122332233334
3743715121111222223229
3744045112122222232128
3744264121122333323338
3744315121111322232237
3744927111111433333242
3744955111111332223231
3744959111111221221219
3745031111111322222334
3745909111111221322230
3746142121122222222335
3746761111111332323237
3747012111111221222226
3747028111111222222228
3747161111111322323339
3747251121111554333349
3747809121111443333341
3748886111111221221125
3748889121111433333345
3749167112122211122225
3749173112122212122219
3749200112122101100010
3757652111122222222329
37695581111 1333333241
3783790111111111122224
3793780111111443334351
3817118111111544444452
3843314111111322223238
3849669121111555435457
