33664981211223333333
33852631211225443343
33935872211223222232
33946631111222223343
34010861211223332222
34027621211223332233
34042281211223332233
34055661211223222232
34055951211223333333
34137441211223332222
34137471211224444343
34137611211224433343
34137712211223433233
34139071211224433233
34139181211223333333
34150761211222333333
34150911211223332232
34239751111223222222
34354912211223432232
34387231111224332323
34404871211224434444
34405201211221211122
34405501211223233332
34405771111224543433
34406141211222222222
34448261211222233333
34448331211223433333
34448471211225434344
34448681211225343342
34448741211224444343
34449161211224444344
34449491211225443343
34449511211224433333
34449931211225544343
34449941211225534454
34450341211224433332
3449729 111223332343
34541181211225554454
34552901111223222222
34553171111223233332
34578021121221111111
34590702111223222122
34593261111222222222
34594181111225544453
34594341211223333233
34594471211224333343
34645111111223222222
34647961211223223223
34648631211221112212
34649531211223322232
34650071111222223223
34665151111223333333
34697561211224433343
34729021111223332223
34739571211224333332
34740571211225444444
34744351111111112212
34764081211222223333
34787842212222222222
34865201111224434343
34882671211224444443
34882742211222222222
34882961111222322333
34883221111223344343
34883271111223323333
34883561211223332232
34883601111225543454
34883831211222223332
34884541211223333232
34884561111222222233
34887621211223333334
34887711211224443342
34888021211224334333
34890631111222222333
34890681211224433232
34891241211223222323
34891451111223323232
34895481111223333333
34895711112224332233
34922602211222233322
34953781211224333343
34953791111222223323
34956551111224333333
34979011211224433333
34997691111223333343
35002891111223333343
35007281211222222222
35028591111222222222
35028641211223233332
35028821211225544353
35028872111222222222
35028961211224444343
35029921211222222222
35051822211223333232
35057211211223333333
35057421211225555453
35057661211223333332
35057811211224444443
35058131211224333342
35060341211226543364
35060911111226655464
35061951211223222222
35066492211222222222
35068801111224433343
35080761111223333332
35080841111223233232
35080971111222212222
35081081111224433242
35081091211224443332
35094952111223232232
35105121111222222334
35119561211222222223
35119671211221111111
35120141211224544343
35120211211225444333
3512024 211223423244
35120511211224444444
35120621211223323232
35120781211225544354
35120841211226554353
35121181211223333343
35121351211226444354
35121401211225544454
35121481211223334344
35121581221223333233
35127961221224332222
35138571221221222222
35139222111222222122
35142111211223332232
35142131211223333333
35142481211225555454
35142641211223322232
35142701211223322232
35143391211223333333
35144361121221111111
35153281221224433333
35159231221221111111
35160621111221111111
35160721111225544343
35161431111225453243
35161631111225543343
35161841111224444344
35165691211223222232
35167422211222223322
35172301211224444343
35172491211226554343
35172801111222222331
35173192111222323333
35173291111225544353
35173771211225544454
35174021111223323232
35174161111222332232
35175521211222222223
35175691111221001011
35175751211222222222
35176801211223322232
35176901111223322232
35176941211224433332
35177031111223233333
35179371211223323233
35179702212222223233
35179981211222212222
35180812211221121111
35180822111221011111
35182491111223223334
35183151112224343444
35183161111225654453
35183211111225434353
35183351111224433443
35183841211224443343
35186331111223222222
35187961111222222222
35188021211222322232
35189471111222222333
35189631211223323333
35190001111222222222
35191441211222322232
35191591211222211221
35191601211223332233
35191981211223323232
35192381111222232222
35192671111222223233
35192691111223433343
35192712211221111112
35192722111221111212
35194121111225554454
35194871211222222222
35195731111222233232
35196291111224443343
35196421211223322232
35198561111223313233
35199641111223323233
35200641 11223322233
35200781111222111222
35201141211224333333
35201381211223323333
35201562111222222122
35203352111221112112
35203361211223333233
35204241111224342232
35204611111224433333
35204722111222323222
35204881111223443333
35205001211224443343
35205172111223323233
35205251111221111111
35205751211223333333
35207021111222221121
35207032211223333333
35207521211223322232
35207641111223423322
35208711211223332232
35209001111224444344
35209102111222222222
35209311111223322232
35209981211224444443
35210812111222222222
35212031111223322222
35212121111224433333
35212271211223432243
35212641211223323332
35212981111223333333
35213121211221112212
35213361211223333333
35214371211223332333
35215971211223333323
35216371111222222232
35216541111224444444
35217301211223333333
35217531111223333233
35217581211223232332
35218852211222222211
35218941111222222122
35219131211224433343
35219541211223332233
35220541211224433344
35220601211223333344
35220621211223433333
35220791211224432233
35220991211223323233
35221541111225543343
35222482111222221221
35224281211112222223
35224531211115544353
35224581211113443343
35225061211223222232
35225171211223333332
35225731111222223332
35225751111223322232
35226662211222222222
35226811211223233333
35227131211224333343
35227171211222322222
35227292111222212122
35227881211223222221
35228671211223333332
35228692111222222222
3522872 111225544453
3522885 211225454454
35229271211225543342
35229311111224344343
35229361211224343333
35229371211223323232
35229491211224343343
35229711111223323133
35230261211223333332
35230481211224433333
35230961211223322323
35231001211224434343
35231211211223332332
35231511111224433333
35234411111223322232
35234481111223332333
35234832111222222222
35235131211222222222
35236091111224444343
35236791111222222222
35237071 11223333333
35237151111225533242
35237361121224433232
35237571211223332222
35237661111224433242
35237721111223333333
35238271111223332223
35239701121222322333
35240391211222222222
35240621111221122212
35240631121223322232
35240981221224544343
35241011111223332342
35241081211224434344
35241391211224333342
35241401111224334343
35241811111224443343
35241971111223333333
35244751211222222122
35245301111222222233
35245401211222222222
35245551211222211122
35245781221223323333
35246551211223233232
35246671211223332233
35247081111223232233
35248061111222222222
35248532111222333322
35249191121223333333
35249432111222222222
35249931111223323233
35250432111222132222
35250781211225444354
35250831211224444343
35250851211222222233
35250921111221112222
35250971211224223343
35251351211224433343
35251752211222222222
35251891211225544444
35252391211224444344
35252911111223333232
35253142211223233333
35253261211223432232
35253271211223322231
35253401211224433243
35254821211224444343
35255091211223333333
35255141111222323333
35255431211222222222
35255501111223333333
35255581111222322232
35255821111223333232
35255881111223322232
35255981111224333232
35256852211223322222
35256861211223333233
35257052111221000011
35257081211223333322
35257281211225434333
35257322111221212222
35257341211223332233
35258791211222223332
35261951211224444343
35265191111221101111
35265802111221222212
35266372211222111211
35266891111222222222
35267631111222222222
35270331211113433333
35271781211114444454
35272691211222212223
35273601211223333233
35274581211114333333
35275141211223223333
35275241111225544443
35275481211225444343
35276051121224333233
35276631211225544343
35276711211226654463
35276941211224444343
35277221211225444454
35277451211223223232
35277661211224333232
35277681211222222222
35278271121222222233
35278371 11224554444
35278521211224433343
35278991211224433343
35279001211222222223
35279371111224332243
35279611211223323333
35279861211223433343
35280341211223333333
35280771111224433333
35280781211222222222
35282311111223322222
35282721111115443332
35283031111224333342
35283121211224333333
35283221111225544444
35283641211223322233
35287881211222222223
35288252111222222222
35288331111224433333
35288552211222222221
35288581211223333232
35290071211223333232
35290091111223323233
35290211211225644354
35290811211223323332
35290862211222222222
35290881211224334342
35290911211223323233
35291391211224433333
35291461111223344333
35291981111224333233
35292091211224442332
35292141111223333333
35292191211222212222
35292391111222222222
35292531211223232233
35292601111221122222
35292641111224433233
35292691111223332233
35293251111224333333
35293831211224433333
35293851211225554353
35293912211223222222
35294181111222122212
35294701211224444444
35294951211223433343
35295542111222222222
35295712111222222222
35296371211224444344
35296391111223332333
35296621211223323233
35296761211225444443
35298941211223333333
35299461211224434353
35300301211225544453
35301182211222122221
35304351211223332322
3530436 211225444443
35306701211223333233
35306941211222222222
35307351211223344344
35307831211223323222
35307951211222222222
35308031221224433333
35309891211222222222
35312751111225444443
35317111211223233223
35318111111225544343
35318631111224334333
35319221211223233332
35319541211225544454
35319911221223333333
35320781211222221222
35320941211223222322
35320951211223333232
35321741111223232232
35323011211223322233
35323061111222222222
35323232111222222222
35323411111223222233
35323481111223222222
35324191211222322222
35324811111222222222
35324832211223222232
35324921211224443442
35325171111223233333
35325661211222222232
35327671211222212222
35328321211222111112
35328371211220000000
35329011211222223333
35329512111221122222
35329921111223332233
35330821211224343332
35331041211223233322
35331631211224445454
35332191211223222233
35332891221223222232
35332901221222322323
35335162211222222222
35335261211222222222
35336281111224343333
35336311211224433333
35337991111225544343
35338241111222222222
35338721211222112222
35338951111225443354
35339031111224333333
35339711211225544354
35341871111223333333
35342861211222222222
35343342111221111112
35343721111222111133
35344701121223221332
35344841211224433232
35345251211222212221
35345262111222211111
35345931211223333232
35346201111222222223
35346751211224443343
35347081111224444343
35347791211223333334
35348001211224343343
35348062111222112122
35348071111223323233
35349172211223233232
35349371211223333333
35349562111223333333
35350591121222222332
35350971111224333343
35351561211222112212
35351682111221111111
35351691111223333223
35352221111222222112
35353401111225545464
35353851111223334443
35353861211224333344
35353921111224333333
35354652111222122122
35354761111223433343
35355441111224443332
35356521111223333232
35356551211222332333
35357331221221111111
35357451211223332322
35357631111223334343
35361291121223223343
35361491111223322232
35362151111223223333
35362431111224433243
35362471111224443342
35363011111222222222
35363041111222111111
35363391111223332233
35363461111222212122
35363491111223223333
35364051111223333333
35364311111223332232
35364591111223323232
35364761111222222231
35364791111223332233
35365411111223333344
35366812111223222232
35367101111224444343
35367221211222222222
35367441111225434343
35367681211223322233
35367991211222222222
35368431211224433343
35370091111223333333
35370281111222222332
35370851211223323323
35371191111224333233
35371581111222222222
35371871111222222222
35371911111225544454
35371932111221111111
35372821111223332333
35377931211224444444
35377971211225454433
35378661211223323333
35383661111222222233
35384181111223212333
35384702111222222222
35385121211223333333
35385311111223323333
35386361211225444443
35391041211223332222
35391092211222222223
35391251111113322323
35391681111222233323
35391901211222222221
35392371211223332232
35392601211224343333
35392811211223333344
35398771211223333333
35398952211222222222
35399441211222222332
35401292111221111011
35403461211225544454
35403481211223333333
35403491211225544354
35403541211224333333
35405731111223322222
35407931211223322333
35411641111225544343
35411691111223323333
35411941211223323343
35413581111223222232
35414051211223222333
35414111211222222222
35415111211225544353
35415191211224434343
35417141211223322222
35417272111222222222
35417561211223233333
35417672121222123332
35418151111223332223
35418421111221111123
35419761211223222222
35421381211225443332
35422081211223433232
35422381211221211211
35422421111224544353
35422471211223332333
35424581111223223222
35424912111221111101
35424981211222212122
35427111111222222222
35427281211223324233
35427431111222121122
35428661111221111111
35429012211224434343
35429021211224444343
35429361211224434333
35429681211223333333
35429692211223222222
35429991111223222232
35432042211222112222
35432492111222222112
35432551111222122222
35432791211221111212
35433621211222221122
35433711111223233324
35433781111221100000
35433822111223322222
35438331211223322333
35440081111223333333
35440482111222223222
35440601211223333333
35440692211223323333
35440782211222222222
35440811111223323223
35441002111222222233
35441221121222222222
35443401111223333333
35443451211223222233
35444361111223332232
35444781211222222322
35445081211224444343
35445461111224444444
35445481211224433243
35445591111222223334
35449622211221112212
35449731211224433343
35450262211222112222
35450491211225554453
35450581211224433332
35450751211224333344
35451611211221111111
35451671111223323343
35454582111223233333
35454591211223323232
35454811111224333343
35455331211224333333
35455491111223222232
35456552111222222222
35456651211222222223
35456991211223443344
35457141111224333342
35457391211225544454
35458211111223334343
35459391111222211213
35459441211223333343
35459461211223333333
35461191211223323233
35461212111221111111
35461261111222222222
35462561111222222232
35463101111224444343
35463121111224434343
35463531111223333333
35463551111222222222
35465021111222322222
35465501111223322233
35465671111224433343
3546594 111225544444
35466081111223222231
35466561111223322233
35467012211223333233
35469571211224443343
35469671211223333344
35470411211223223333
35470781111221100000
35471881211223333343
35472081211223333332
35472191111224344344
35472711111225544353
35475641111223422232
35476001211223233333
35476381111223333232
35476721211223323233
35476831211224444433
35477011211224443333
35477121211224434343
35477391111224433243
35478291211223443353
35482302221223222222
35482421111223333333
35482471111223333333
35483351111222212332
35485071111223333232
35485991211223333333
35486301211224444343
35486651211223333333
35487811211223222332
35487841211223333233
35488171211224434334
35488561111224433333
35488761211225554444
35488871111222222121
35489091111223333232
35489371111224333233
35489801111224444343
35490801111223322232
35491701211223333333
35491831111222222222
35494671211222223321
35494901211223323232
35495101111222111222
35495231111222222233
35495291111224443354
35495311211223332333
35495541211223322222
35496041211222332233
35496661211223233332
35497021111223333333
35497121111224544363
35497181111223323242
35497632111222122122
35497711211224343343
35497841211223222232
35497891211224444454
35498151111222223333
35498221211224433353
35498391211224444343
35500631211224333232
35500781211224444444
35501141111224444443
35501341211224444343
35501401211224433343
35501721211222222222
35502321111224444343
35504391111224444343
35504602111222212123
35504711211223232223
35505321211224433443
35505771211224433343
35506291111224433343
35508552211223322232
35509431111225554453
35509851211222221111
35510101111222323232
35510321211224443352
35510811111223333333
35510832111223332233
35511401111224343343
35511671111223333333
35513471211223433332
35513561211223333232
35513641211225544453
35516721211223333343
35517111111222222233
35517881111222233243
35518231111224444454
35518451111223322222
35518901111222223333
35519391211225433343
35521291211222222332
35521451111223322332
35522421211223334433
35522981111225443343
35523321111223332222
35523331211222232233
35523381111223343343
35524071111223233232
35524221211224443333
35524321211225544343
35526161111223333333
35526221111223333333
35527101211224323333
35527201211221111111
35527261211225444343
35527331211223232122
35528261211223333443
35529711211225555354
35529731211224433433
35529801111224423342
35529971211223333323
35530381111223322121
35530681211224433342
35530841211223233333
35531651211223323233
35533071111224433343
35533741211224444343
35533881211222232222
35537961111223333333
35538142111221101111
35538351111223333333
35538731211223333333
35539461111224433343
35539561211224333333
35544221211224445444
35544491111224433333
35544541111223333333
35544931211225544454
35545001211225444443
35545101111224433343
35545141111226654353
35545451111225443343
35545911111223323232
35545981111223322333
35546331211223333232
35546571211224444343
35547311211223334244
35547691211224443344
35548041211224443333
35548461111222222222
35548511211223333232
35548611111223333343
35548731211223333333
35551231211223222233
35551522111221111111
35551851211224433333
35552142211223333333
35552441111223222233
35552572211222322233
35552591211224443344
35552741211223323233
35553071111222223333
35554161111224333242
35555392111222122222
35555501111223333343
35555511111223222232
35555601211224333232
35556061121222222121
35556361111223333333
35557031211223332332
35557621211224333332
35557671211222222222
35559021111223232222
35559852111222222211
35560581111223332233
35562241211223333333
35562391211225444444
35562531211224443343
35563141211223322343
35563421211221111111
35563531111222211222
35563571111222222222
35563581211225554443
35563721211224543343
35563851111222222122
35564172111220100000
35566031211225555454
35566741211223333233
35567311211225543454
35567341211222433333
35567451211224444344
35567761211223323233
35568611211223322232
35569841211223343233
35569891211223322232
35570131211223333232
35570561211224444343
35571411111224434344
35572271221224433343
35572751211224443343
35573101211225444353
35573661111224554353
35573761111224434343
35573771111223433343
35573841111113322233
35574311211224443333
35574721111224433344
35574761211222122222
35574791111223333333
35575151111223333343
35575791111223333233
35576401211223433333
35576442111223333343
35578131211112223222
35578561211114444344
35578641211113333332
35580811211114443343
35582292211223323322
35584081211224333333
35584312112221101012
35584521211222212222
35584551111223222332
35588031211223333334
35588201211225443343
35588631211223323233
35593041111225444343
35593111211224433343
35593381111225544343
35593721111222322222
35593841111225555454
35593891 11223332233
35594481111224443354
35594681111225554354
35595401211222211121
35595471111223222233
35595831212223333333
35597591111225444444
35598241111223333333
35598351111223323333
35599331211222223332
35599821211223333232
35600041211224443344
35600221211223223332
35600811211225543343
35600901111223333343
35601261111222222222
35601471211224444444
35601791121223322322
35601831111225544464
35602061111223223232
35602281121222322322
35602901111222222233
35602911211223334333
35603111211222223223
35604751111223233333
35605051111224444343
35607641111225544353
35607721211221111111
35607831111223223233
35607991111225544344
35608001211223332332
35608491211226655464
35608831211224444343
35609481211223333233
35609631211223332344
35609721211223333233
35610251211225444454
35611801111223233322
35612141211224443343
35612791211223332332
35613531111222222233
35613791111224433333
35615581211223322233
35616051211223323232
35617801111223433333
35618751211223333343
35622341211223322232
35622691211223332333
35622741211222221222
35622921211221111222
3562479 211224433243
35625151111224433344
35625371111223322222
35625441111224334343
35625541111223332233
35625661111223222221
35627451211222222222
35627601111224444343
35628082211222222222
35629891211222222222
35630131111225544454
35630641111223333333
35630711111222222222
35630831211223333232
35630932211223322232
35631001111223333242
35631901121221111211
35632251111222222222
35632561221223322222
35632971121224443332
35632981111223222122
35633331211223333333
35634941111112222222
35635021111223222232
35635222211223233333
35635291111222212212
35635321111221111111
35637591211223433233
35637971211222222222
35638461111223322232
35638841211222212121
35639071211223444333
35640491211224444443
35641451211223233333
35641611211225444444
35641801111223122112
35644331221224443343
35646321211224444333
35647621211222222323
35647681211223334343
35650911211225544354
35651141211226654454
35652431211115444444
35652511211114433343
35652521211114444354
35652781211116554353
35653691211113332222
35653961211115544454
35654511211113332222
35654601211115544353
35654661211114443334
35654851211115444353
35656861211224344443
35657231211223332332
35657401211223333323
35657681211114443333
35658091111222322223
35658661211224444343
35659511211223323333
35659621111225544353
35662991211113322233
35663381211114333333
35665241211222222222
35666261111225554453
35667821211222212222
35669161211224333343
35669621211224444343
35669651211224544453
35670281211223333333
35670671211221112111
35670801111224544444
35671061211223222233
35671161111223333323
35673631111223222333
35673731111221111112
35674161211223333232
35677351211223333332
35677551211223232222
35678051111224433243
35678461211223222232
35679511211222223333
35680971111223334343
35681731211224434343
35681861111223233233
35682201121222211121
35682811111223323233
35682972111222122222
35683041211222212222
35683441211222332222
35683461211225544353
35683661221223433333
35684461111221111111
35684621211224444343
35687911211223333333
35688051211223333333
35688351111222222222
35688971111223223333
35689481111225544343
35689571111224433343
35689631111222222222
35689801211224434444
35689901211223444344
35690441111221111212
35691141111222223233
35694651111223332232
35694701111224443433
35694771211223333343
35697682111222222222
35698551211114444342
35699481111113333333
35699711211111112222
35699791211112322233
35700531211225544444
35700641211223322231
35701221211223333342
35701421121225433244
35702561111224433344
35703461211225432242
35703892111222222223
35704431111225534444
35704581111223323232
35704811111224433343
35705151111223322232
35705491111224443232
35705542111223433333
35706072111223222232
35707591211223333222
35708531111222222222
35708771211223322232
35709241211223433333
35709721211223333333
35709731111223322333
35709941211223322132
35710221111222222222
35710901211223433333
35710942111222112222
35711221211223333333
35711641211223222233
35711731211223233333
35713631211222223222
35713681211224343344
35715881211223232222
35716111211223333232
35716121111222222222
35716901111221111111
35717152211222222222
35718031211225433344
35718531211222222222
35719131111221111111
35719201111223334343
35719371211223333333
35719861211224333322
35720111111222222222
35720562211222112222
35726201211224333343
35730261211222322232
35730301211224444444
35730841211223332333
35730911211224344343
35731281211225544333
35733831111223333343
35733901111223333333
35733951111224334344
35734062111221111111
35734081111222222233
35734142111223332221
35734411111225543252
35734601111223332333
35734931111224433343
35735421111223322222
35735571211224544443
35736132111223333232
35738291211223322133
35739701111222222222
35739921211223333233
35740171111223323223
35740341111223332332
35740492211224444332
35741161111224444343
35741271111224333333
35741301111221212222
35741582211222222222
35741861111224344343
35742191111222222222
35743602111222222222
35743661111225543343
35743961211224333344
35744011211222222222
35744191211224334343
35744531211224433332
35744551211223322233
35744781221223322222
35744891111225554343
35745531211222222232
35746431211224433232
35746991211222323233
35747861111222223333
35748601111223223333
35749631111224645454
35749681111225554454
35749701211225543343
35750691111224334344
35750781111223333232
35750951111223433333
35751441111222122212
35753011211223322333
35753041111224433344
35760801211223333333
35764171211225554444
35764211211226654454
35764461211223332333
35764891211223333232
35765131211224443344
35765191211222222233
35765411211222223232
35765531211224333333
35766472 11223322233
35767601211222322233
35767841211224444454
35769231111224432232
35769682111222222222
35770111211224544344
35770142111220111111
35772221111114433343
35772411111114334343
35774922111222222222
35776111111223322333
35780182111222222222
35780291111223322222
35780331211224434344
35780391211223233333
35780451211223433232
35780761211222212222
35780771111224444443
35780891211223333333
35780931111223223333
35781061111222212223
35782002111222212122
35782251111223333333
35782711111221112222
35787791221221110000
35788031211225554454
35788731221224433243
35789261211224433343
35789832211222111111
35790341211222212222
35790691111224344344
35791411111223333343
35792991111221111111
35793001111221211122
35793321211222121223
35793382211223333333
35793522111222222222
35793672211222222222
35793801111223223332
35793941211224444343
35794042111223322222
35794411111223333233
35794651111223333333
35795491211222112323
35798181211222233223
35798251211224333343
35801201111223322223
35801251111222222222
35801361211224444343
35801791111225544454
35802111211223333333
35802401211223333333
35803401211224332233
35803781211113232333
35803871211223332223
35808651211223233333
35808661211223333343
35810691211223333333
35810811211223332232
35811561211224444343
35811571111223333243
35811741111223323232
35811871111223322233
35812061121223322232
3581230 111222222222
35812401211224423243
35812531111223322222
35812861211223332232
3581321 111220000000
35813391111222222222
35814281211224344354
35814651211224444343
35814871111224333333
35814911211222222222
35815191111224333233
35815311211224434342
35815351111223333232
35815601211225544454
35815911111224434343
35816462211223222232
35816531111223333333
35817101111223333333
35817141111222222233
35817331111222223322
35817371211223333333
35820721211223423334
35825051211225444353
35825471211222333232
35827011211223433233
35827641111223323343
35827671111224332332
35827841211224333333
35827931111222222222
35828141111224444434
35831651211223322232
35831921 11223233333
35832002111221111121
35832131111223333332
35832391111224434344
35832611111223333333
35833761211224433333
35833951211223333333
35834441111224443343
35835721211224444353
35836001111224443342
35836361111224333333
35836781111225543354
35837071111224433343
35837301211223332323
35839131111224444343
35839211211224333333
35841631211224434343
35841751211223433333
35841941111223222333
35842211111223433332
35842281211222322233
35842291221222222233
35842641111223323232
35843091111223223222
35843271111222120111
35843661111224334343
35844521111223333343
35845401211223333243
35845481111222212222
35845562111222122222
35846111211224433343
35847871111223333232
35848821211223323233
35849281211222122222
35849371111226544343
35850381211224434343
3585194 211224443343
35853941111222222112
35854021211224433343
35857051211114333343
35857141211114334333
35857221111113322232
35857461211114434343
35858181111114433343
35859001111223232233
35859041 11223333333
35859691211222112122
35860342111221121111
35860411111222222222
35860581211224333343
35861081211223233332
35861141211223333333
35861252111224333334
35861531211223332232
35863071211223322222
35863391211223333333
35863541211223332233
35863591211224554443
35864241111223333233
35864281211224443333
35864391111223333333
35864431211223334334
35864701211224434343
35864731211224333333
35864951211222222222
35865301111223343333
35865841211225444444
35866521111224544453
35866681211222222223
35866701111224533353
35866741211223333333
35866891211225544454
35867291111223333322
35867761211223333343
35868051211223323232
35871121211223333223
35871561211223323232
35872051211224434343
35872172111222122222
35873031211223332332
35873761111225544353
35874441111223331121
35874631111223322233
35875002211222222222
35875121211224555444
35875131211223333333
35875142111221111122
35875731111225544454
35875961111223344242
35876831111224334343
35877762211222222222
35877841211224343333
35878091111224444343
35879081111222222223
35879251111222222222
35879931211223333333
35880531211224443343
35881421121222122222
35881481211223323332
35882041211223223222
35882591211223332222
35882611211223322232
35883031211223334344
35883251211223222222
35883791211223334444
35884881211222222222
35884891211224333343
35884911211224333343
35885261111223332233
35885691111222222222
35887461111222222222
35887832211111111111
35888271111223322232
35891031211223322222
35896281211223332222
35896371211224333342
35896551211222223333
35896622211223333333
35897651111224433333
35897691111222222222
35897731111224433343
35897871211224433343
35897911211224434343
35898261111223322233
35899431121223222223
35899931111221111111
35900031211223333343
35900291211222222223
35900531211222222222
35900791211224334344
35900931111224444343
35901071211224443343
35901291211224333343
35902021 11222222222
35902361111225544354
35902401111223223343
35902662111221111111
35902781111224333333
35903961111223333233
35904202111222222222
35904332211221111211
35904941111222222222
35907261211223332232
35907402211222222221
35907891111223222222
35911121211224444343
35911881211224332232
35911991211223333322
35912111211224444343
35912141211225544343
35912291211224444344
35912841211223332233
35912931211225544343
35912981211223221222
35913051211224333332
35913131211225645364
35913141211225444353
35913151211224443232
35914851111224443343
35914871111222222232
35915041 11223222222
35917881221224431232
35919711111222222233
35919752111221111111
35921231111225555454
35921411111224444353
35921591111226654464
35921881111224444444
35922131111224323333
35922411111225544454
35923121111223323333
35923191111222222222
35923241111224433343
35923311111225444354
35923801211223333243
35932971211223232222
35932991211223333333
35933061211222312233
35933451211223233333
35933531211224444343
35933631211225443353
35934331211113433343
35934461211222222222
35935171211224423242
35935291211222222222
35935322211222212121
35935451211223323332
35937561111223333333
35937821111222222222
35937831211224434343
35938231211224333343
35938381211224433343
35938901111225544453
35943071111223222232
35944371111223222232
35945631111223322222
35946481111223333333
35954461211225544354
35954491211224433233
35954851111223322121
35956571111223322232
35961921211225444343
35961991211223333333
35962001111224444343
35962161111224333332
35962291111223333333
35962301111226655454
35964291211225554354
35964851211224443343
35964901211223332233
35965231211223333233
35965911121223322222
35966091111224443343
35966771211223333333
35966991211224333333
35967061111225543343
35967221121222322222
35967481211223332322
35969161111225555353
35969622211223333333
35969921211224434343
35971521111224334343
35972252111221121111
35972592211223232232
35973101211223333333
3597335 211224333333
35973561211223223333
35973581111223433343
35975801211223333232
35975891221222321233
35975961211225555454
35976111211226655454
35976121211224434344
35976241211226655464
35976461211224333343
35977251211224434332
35977321211222223233
35977391221224433333
35979651111224443333
35980621111225655464
35980851111223333333
35981041211225553343
35981081211224444343
35981421211223332233
35982611211224442332
35982691211223333233
35982731211223333233
35983881111222222222
35984021211222212232
35984201111223433332
35984451111223332233
35984681211224432343
35985281111221111111
35986721211223333333
35986922111222232232
35987342211222222222
35988181111222222222
35988351111223322232
35989631211223332232
35989701111224444343
35990261111225554454
35990301111224433443
35991571211223222233
35992151211223333333
35993401211224433333
35995181111222223233
35995241111226644354
35995541211223333333
35996101211224445354
35996341111224333343
36000451211223322232
36000791211223323233
36001821211223332232
36001881211222332222
36005241211224444353
36005722211222112222
36007121211226544353
36007211211223322223
36008171111224433343
36010091221223332232
3601039 211225544342
36010511211224443343
36011091211225434342
3601155 211224443343
36011581211224333333
36011901111223433333
36012001211222223232
36012341111222212112
36012861211224433233
36012891111224433343
36013331111224443343
36014311211223233333
36014321211223322232
36014491211223333333
36014631211223222212
36014641111222222122
36015061211223332233
36017601211222222222
36018011221222222222
36018281211224434443
36018431111221011112
36018671111223332232
36018791111223233232
36018971211223343333
36019101111226553443
36019271111223433242
36021861211224333322
36021961211222222222
36022461111224333333
36023741111224333333
36024471111224433344
36024621111225333333
36025031111225444343
36025121211112222232
36025131211225543342
36025191211223333333
36030131111224444343
36030191211224434344
36031101211223333333
36031291111224444343
36031371211222223232
36031471211223334433
36031791111224444343
36035951211225544344
36036441211223323233
36036671211223333343
36036861211223332232
36038401211224344343
36038501211222222222
36038601211225544354
36040881211224443243
36041501111224444343
36041641111225544343
36041781111225444354
36041941111224433343
36042362111222222223
36043222111221111111
36044222211222222221
36046601211224434344
36046611111223222222
36047011111224433333
36047071111223333232
36047281211115533333
36048451111223222232
36049171111222221222
36049401211222221212
36049551211222222222
36050031111225444354
36050171111223344343
36050471111225443343
36051371111224333232
36051571111224444343
36051691211225434444
36052042111222222222
36052921211224444344
36054121211222222222
36054151211223333333
36054661111223323233
36055201111224333333
36055231211223223323
36055281211222212122
36057691211223333333
36058491211222222223
36059031211225543343
36060081211224443343
36060131211223222232
36064211111224434344
36064641111225555354
36064681211224333343
36065041211223223233
36065171111224444444
36065321111223232232
36067071211224433343
36070811111222222233
36071251211224333333
36072171211224444343
36072661212223221122
36072721211223333333
36074522211223322232
36075181111223332232
36075251111222322233
36076701211224444343
36076971211222323333
36078631111224343242
36078751221224443444
36079151111222222222
36079331211225654454
36079441111223332333
36080211211224444444
36080371111222222222
36080601211222222222
36080781111222322333
36082271211223433333
36082391211224333343
36083751211224434243
36083851111222111111
3608401 211223323333
36084141211222222233
3608425 211225444343
36084291212223333233
36084622211222222222
36084951211224333332
36084991211223222233
36085221211224523343
36085921211225433333
36086051211224434343
36086411211224433343
36086451211224333333
36086991211222322322
36088161111224334343
36088751111224343343
36089801221223222333
36091991111222222233
36092151211222323232
36092502211222222222
36100081211223323343
36100371111223333332
36100621211221111111
36100691111223322233
36101721111224444343
36101791211221111111
36101861211223222232
36101931111222222222
36102011111221111111
36102551121223332233
36102661211222222233
36104532111223333333
36104791211223322232
36104901211223432233
36105081211225444454
36106361211223333333
36106871111221122222
36106941211223223332
36107021121221111111
36111671211224444343
36112661211225544343
36114481221223323222
36114981211223332232
36115411211225544354
36115461211225434453
36115831221223322333
36116781211222222223
36117321211223222332
36117571211224333232
36118371221223333333
36118881111223222333
36118901211223333333
36119171111224433343
36119411111224333333
36119561111224344343
36119861221221212122
36119891211223333333
36120941211225555454
36121171211224443334
36121371211223333343
36121691211224333333
36122081211223332222
36122262211221112212
36122361211222222222
36125411111226554454
36126541221223333333
36128221111223333332
36128421111225544353
36128621111224544344
36128871111222222222
36128941111224443343
36131061211223333333
36131861211224432343
36131871211224344344
36132471111223444444
36132721111225544454
36133171211222222343
36133301111224333343
36137331211223222222
36141871111223322223
36142051211223333333
36142741111222223232
36147742211222222222
36148541111223323333
36149701111223323334
36150261111224334353
36150731211113333222
36151131111223332222
36151291111223322332
36151581111223334343
36153201111222222132
36153961211223323222
36155152211222222211
36155761211223323332
36156791211224443343
36156961211224333343
36157301111223233344
36157911111223322232
36158001111225444343
36159331111223232233
36159541111221111211
36159621111224334343
36159751111222222222
36159921211223333343
36160141121223332333
36160351111222222222
36161141221222222222
36161201111222222223
36161671211223232232
36161691211223223234
36162301111222223333
36163122211222222111
36163491121223321233
36163591211223333322
36164321111224534453
36166791111221111111
36166862111223333333
36170041211225443344
36170141111223323323
36170561211222222222
36171421211224434444
36171771211223333343
36172601112222222222
36173101211223333333
36173121211223433333
36173321111222212222
36173451111224433353
36173562111222111111
36175411112223333333
36176221211223333332
36184101211224443343
36193521211222222222
36194471111223433343
36195981111222223233
36196011111225544343
36196191111224433333
36196231111224333233
36197152211222222222
36197811211224333343
36198131111223323322
36202131111223333333
36202611111223333333
36202901111223333343
36203221111223333333
36203291111224444353
36203422111223322222
36203571111224443343
36203631111224433343
36205631211223233343
36205961211225543343
36206262211222222232
36206571211114433343
36207461121222121122
36207611211224434343
36208621211222222332
36210341111223332233
36210652111221111111
36211031111223332223
36214101111225544343
36215221211222223232
36216051211225544454
36216851211222122222
36218981111223333333
36219111111222233233
36223511211224444343
36226041111111111222
36226181211112222233
36227081211224433332
36227131211224433333
36227371211225544353
36228821111224433343
36232351111223332232
36232821211114443344
36233262211223333232
36236631211223433233
36237541211223222122
36237721111114444344
36238551221224444343
36238571211224333333
36242211211114433343
36242422111223323333
36242591111222212221
36242621211223333343
36243021111223333333
36243141111223433334
36243151111222112222
36243461111225544353
36243981111222222223
36244641211224433333
36244751211225433454
36245152111222121111
36245381211224433343
36245511112222222222
36245891111222222222
36246131211222222232
36246211211224334333
36246571111225454363
36246801211222211121
36247022111222212222
36247961211222232222
36248081211223322233
36248561111223322233
36248871211223333333
36249081111223223233
36249361221223233333
36249481111223232333
36249491111223223232
36249701111223333333
36250101111223222232
36250302211222211121
36250631211223333223
36251001221222111212
36251581211224444343
36251741211223333333
36251771211222122111
36251971211224333232
36252141211223222233
36252181211223333333
36252351211222322222
36253301111224433343
36253312111222222222
36254701111225554353
36254871111224433343
36255411111223322232
36256221111225444343
36256751111224433332
36256971111224433333
36257131111225544453
36257211111225544353
36257221111225544343
36258661211115544353
36260391111223434333
36261271111221111121
36262671111113322222
36264741111113322232
36265401211114433333
36265581111114443241
36266841111223333343
36267591111222222333
36267961111225544454
36268141111112323333
36268741111223332232
36269241111222221122
36269361211222222122
36269771211223322233
36270191111224333343
36270452111222222222
36270801221221122212
36271221211222223332
36271792211221111111
36273361111224433343
36273371111113333343
36274251211224443333
36274581111223332222
36274881111223233343
36275581111223323333
36276071111222222222
36276211111224444343
36276311111222222222
36276491111223222222
36276971111222222222
36278061111224343343
36278401211225443344
36278431211222222333
36278551211222222222
36279291211223334344
36279731111224434343
36279961111224444353
36280011211224333232
36280051111224332333
36280521211224443243
36280641211222112222
36281121211222222222
36281292221222221222
36282221211223222222
36282312111221212222
36282561221221212233
36284201111222222222
36284271111223223333
36285371211223333333
36285831111222222222
36286392211222112122
36288971111224444333
36289571221222221122
36289871211222211221
36290091111224333333
36290211211224444343
36290481121222221222
36291301111222222222
36292262111222212122
36294501211223333333
36295001111224434353
36295281211223333333
36296501111222111212
36296621211224444344
36297011111224443353
36298061211223332333
36298351211224333333
36299562111222222222
36300551211115555453
36300621211224343343
36300731211224323332
36303431111114333232
36303531211113333343
36303661211113333433
36304361211115443343
36305481211114434443
36306831211223222233
36306901111221112122
36307251211223333333
36308831211113333333
36315751221222111111
36317591211226654353
36322341221112222222
36326172111223333333
36327111211223322232
36329461111114332232
36330261211223333232
36331311211223333333
36332011211221111111
36333371211225454354
36334401211 15554354
36337281111114444444
36339411111113333333
36339751111113332222
36340091111113333344
36343421111112212122
36345651211113223333
36345672211113333232
36346081211115434343
36346601111112112122
36346641111113333223
36347421211113333333
36348061211114433343
36348091111114333232
36348601211114333333
36349351211113333223
36351551111113222232
36353591111112211122
36353861211113332232
36354531111113333333
36354661111112122222
36355051111115544453
36355121111112222222
36355201211113322231
36355761211114433333
36356281211115434353
36356541211111111111
36357281111113333333
36358011211113223323
36358241211112323233
36358401211113332122
36358641211114343343
36361281211112232223
36362531211113333333
36362551111113233222
36363021111113322233
36364111211114434343
36364661211114433332
36366081211112322222
36366841111114432221
36368061211114434343
36369511211112222122
36370981111112222222
36371021111111111111
36371081111115444443
36371191211112222222
36371941111113332233
36372161111113333233
36372181111112222222
36372331111113222232
36372361211113233343
36374651111112222222
36375131211114334444
36376101121222222222
36381421111112222222
36382511111112113223
36382631211113333333
36385311211112222233
36385701211113333343
36386061211114433444
36386141211113223333
36386211111113333233
36386301211114433343
36388731211114333333
36390481211113433343
36390881111111212222
36391271211114444444
36391301211114433333
36391381211114334343
36391411211114444343
36391571211113212322
36391621211112221122
36399321111112222222
36400041211112222222
36400431111114443343
36400451111112122222
36403431111224333333
36403681111112112222
36404861211113443232
36405411211113332233
36405491211114434343
36406641211114433344
36407331111113333232
36407521211113333333
36407761211114333343
36408731111113323343
36408821111112222232
36408981111112222222
36409351211112232222
36411741111113333243
36411861111114434343
36413191111112222232
36413731111114443232
36413771211112212222
36414191211113333334
36414251111112223222
36415011211112222222
36415051211112223333
36415131111111111111
36415331111112122222
36416191211112211111
36416571211112211112
36416981211112222222
36417391211224332242
36417461211113322233
36417941211115434343
36418321211112333333
36420441211115555454
36420521211113333333
36421491111223333332
36421631211115544443
36421961211225544444
36425011211112222232
36425321211113323233
36425361211112222232
36428441211113333333
36430991211115544353
36432521211113343333
36432911211113221222
36433111211113222222
36433171211114433333
36433241211114433343
36434621211113233332
36435321111112223333
36435361211114433333
36436701111115533343
36437091211112223222
36437791111114444344
36438901211114433343
36441791211113333333
36441841211114444344
36441991211113332222
36442371111114334343
36442381211113223322
36444821111115543344
36445601111113333333
36446711211113333222
36447131111112223222
36447611211113322232
36448341211111111111
36449131111114434354
36449251211112223232
36449291211223443344
36450951211113233343
36451011211116655454
36452701111223323332
36453951211112222232
36454071111113332333
36455241111113322232
36455661211113333343
36455961111114434343
36458242211223322222
36459581111114433333
36462481211112212233
36466001211113333333
36467251111112233333
36467321211113223333
36470241211114433343
36470381211114333333
36470841211113233333
36471021211113333343
36471031211114433343
36471631211114444444
36474061211112223333
36475201211113223333
36477891111112222222
36481221211112222222
36481431211112222222
36481671 11114434343
36481901211114443332
36483171111111111111
36483561111113332343
36483941111113323332
36487431111114443242
36487621211113332222
36488411211114443343
36488661211114333343
36489041111113223333
36490751211112221222
36491031211112222222
36491181211114333343
36491241211114333333
36491741211114443343
36492661111113322223
36493191111114444343
36493341211113323333
36493381111115532343
36495681111113332232
36495911211112212122
36495961111113333333
36496331211114444444
36496711111112222222
36498151211113322232
36499471211113332333
36499541211114443444
36499611211113333233
36499991211113323333
36500061111113333232
36500071111113333333
36500231111113322222
36500311111112222323
36502291111114443342
36504901111114343343
36505131211113332333
36505231111112223223
36506031211113322222
36509071111112212222
36513051211114433343
36515001111114443344
36517031211115544444
36517041211114433333
36517051111115444353
36517341111114323333
36518002111221111112
36520261111113333333
36521531211114434344
36522331211113433333
36523031111114433342
36523441211114433233
36525401111112212222
36525951211113443343
36528221211113223233
36528581211114334343
36529751111112223333
36529781111113222332
36530521111113333343
36532291211114444343
36534991111115444354
36535492111222222222
36537191211113333333
36540361111113333343
36540421211113332232
36541111211112223223
36541241111112223222
36542291211114433333
36543771111116654464
36550631211113333233
36552181211223222222
36553201211113322232
36553681211222222223
36554221111114544343
36554471211223333333
36554571211111111122
36554591111112222222
36555041111111111111
36555761211115433344
36556091211113333333
36556121211113543353
36556381211112123322
36559621211112222223
36560461211113222232
36560481211114444444
36560711211112222232
36560771112113223232
36561391111114433333
36562211211112222222
36563081211113233333
36563711111113221222
36563831211114443333
36564391211113333433
36564401211113333333
36567801211114323343
36572111111114434343
36573221111113333333
36577081111113223233
36577361211112222222
36579711211222222222
36579971211115544343
36580111211114434343
36581521121223333333
36581661111114333232
36583821111114444343
36584471111113232232
36585641211113333333
36589531211114433342
36593101211112223232
36593891211113333332
36597001211114433343
36597111111112222222
36597251211113332333
36598361111113333333
36601331211113333233
36601341211114443334
36601911211114444343
36602131211114432232
36602211211114433333
36602261111114333344
36602281111112333232
36604361211113222332
36604901211114433333
36605061211113222232
36605391211113333343
36605421111113333333
36605621211115554353
36605911211113332132
36606361211113333333
36606921111114444343
36606961111114443343
36607011111113333344
36607201111113433232
36607971111114433333
36608291211112222223
36609421121223322232
36609471221223221232
36609621221222211221
36609671121222221111
36610031111113223232
36610281221222222222
36612351111112222233
36612411211115444344
36613051211114423254
36613191211115443344
36613211111115433343
36613621111111111212
36614791111114433333
36615181211113443344
36617091211114433333
36617141211114444343
36621311211114333333
36625021111114333333
36625821111112223333
36626701211114434334
36626721111115544353
36629001111114444343
36629961111113232222
36632371111114442233
36633101111114342333
36633241211114444343
36633501211113222343
36633911111113322232
36640921111113333333
36644971211113333232
36647441211112112212
36647731211113323233
36647921211112222222
36649231211113323232
36649671111112232333
36654021111116655464
36658251211113333333
36661711211114444342
36661841211113333233
36661961211114333343
36662321211114333333
36662351211113322333
36662651211114433333
36664641111114443333
36664981111114333343
36665891211113222222
36668872211222222222
36673151211113222233
36673661211113333333
36674191211113333343
36675101211115654454
36675271211113323333
36677261211112222333
36677651211114544343
36678631211114433343
36679431211112222222
36679731111114323233
36680351111113333222
36681411111114433333
36681611211114343343
36681901211112222232
36683071111112222323
36684831111112223333
36689941211113333333
36693071211115544454
36694101111113332332
36694351211112222232
36694441111114443232
36694561211113333344
36695421211114433333
36695571211113324343
36695601111114444344
36696801111112222232
36698971111224444243
36699731111113332232
36699821211113322222
36707671111114434343
36707851211113333233
36710941111114445444
36712861111112222121
36716622221222222222
36716661221224333333
36716891211222222222
36716972211223323232
36717372111112222222
36717851211112222333
36718322111111122121
36718581211114444344
36719791211113332232
36724011211113222222
36730981211113232333
36732751112224333343
36734031121112322222
36734781211113333232
36734971111111111111
36738231211114344443
36742701111115555354
36744741111113223222
36745661111112122122
36745681111113333233
36745761111114333343
36745961111115444443
36748551111114333343
36750531111112223333
36751141111113333233
36751221111113222322
36752411211115544444
36752571211113433333
36752611211114433244
36754061111113222332
36754341111114434343
36755091111113332332
36755701111223222233
36756591211115554343
36756931211113322222
36757001211113333333
36757011211113322232
36757511211114333333
36757611211114544444
36759941211115544353
36760492111111212122
36761692111113222231
36761931111114332343
36762351211113333343
36762452211224433343
36763791211114444343
36764261211113223333
36767001211112222232
36767041211115544343
36767091211115444343
36767321211114434342
36767441111113332232
36767761211113333333
36767921211114333343
36767951111112222222
36768201111115444454
36768541111114333233
36768651111112222222
36771281111113323333
36771701211112222222
36775761111113333342
36776121211114333333
36776191211115543353
36776271111224443342
36781391211114444444
36783141111224333333
36783291111223322233
36783351211113433333
36790281111113323333
36790831111113333333
36791341111113333233
36792761211114333343
36794801211113322332
36795941211113333343
36796591211113333333
36797091111112222323
36797131211112223333
36797161111112222222
36797321111112222222
36797561111112211122
36800831211115554344
36800951111115554344
36801081211114433343
36801651111113323332
36801871111112221122
36802211211113433433
36803351211113333233
36803961211114444444
36804131111111112222
36805311111114444343
36806211211113223232
36806461211113233233
36806501111114443343
36806541111113323233
36806592111113222233
36808521211113223233
36808561111113333232
36808601211113433343
36808811111113322332
36808831211113333333
36809341211113223233
36809501211114333343
36809851211113322222
36811341211115544353
36812591211223323333
36817211211114433343
36823231111224433233
36825391211222222222
36825671211113332232
36825831211114444344
36827251211114434343
36827451211114434344
36827671221114332222
36828001111113333333
36828361111112223223
36829201211112212222
36830351111113333333
36831781111223322222
36834981111112222222
36837981211114433343
36838811211113333343
36841891111114332222
36842371111114444444
36843221111113323233
36843351111112223233
36844081111114434343
36844281111113332242
36844421211113333333
36845241211112222222
36845871211113323332
36847341211113433233
36848451121113232333
36849011111112222222
36852931211115443353
36855511211114443433
36856641111112222232
36857031211114434344
36858291211113323233
36862291211114534443
36866721211112222222
36866851211114444444
36867881211113332232
36867901211113223332
36868141111112222222
36868411211114333333
36868451211112222232
36868981211115544454
36869551211224323243
36869631211114432232
36869841211116444343
36870141211113333232
36870691211113433343
36872651111113322231
36873901111112211222
36874251211113334434
36874591111221112222
36875101211222223333
36875381211115544454
36877591111113233233
36878321111112212122
36880921111113222222
36884611111113333343
36887361211115544353
36891071111114432332
36891201211115544343
36891621111113233333
36892571111113324344
36895041111112222222
36901101211113333343
36908571211111112223
36908911111112211122
36911581111114444343
36912271211116554454
36912701111113323332
36912751211113322233
36912961211113323232
36914701211113323332
36920111112114333332
36920121211113333333
36920151111114444444
36920361211114433333
36920411111114433333
36921921211114333343
36922591211112222222
36923171111113233232
36923401111115544343
36923641211113333333
36924531211113332332
36924801211114433343
36926001211114334344
36926091211113333333
36926451211111111111
36926491211115433333
36928721211112222222
36929291111114434444
36932481111113323232
36932501211116554353
36933011211114433333
36933111111114444343
36933291211113323333
36933511211112222232
36933781211113323232
36933851111113333223
36934201211113323232
36934211211112222222
36934421111222223333
36934491211222332222
36935871111114444343
36935901211114433333
36936451211114434433
36936771111113433343
36936831111114554444
36936991211115443343
36938121111114433233
36938191211112322222
36939581211113333233
36939801211111111112
36939841211114443342
36939981211113443332
36940031211114343333
36940201211113323334
36940211211113332333
36940371211114443343
36940381211114333344
36941071211114334343
36941081211114444343
36941231211112222232
36941471211114434343
36941731211113333331
36941761211112232222
36943451111113333333
36943641111113322232
36948131111114444444
36948371111114333333
36948611211113333233
36948851211114443443
36949441211113434344
36949451111114443232
36949521111112322222
36950531111112222233
36952401111114443343
36953631111224344344
36956231211112222232
36959951111113322232
36965281111113223232
36966081211114333343
36970441211114434343
36974041211112223333
36974581211113333333
36975751111113322222
36977131211223232232
36978341211114334343
36980341211223333333
36982651211114333333
36985681111112322221
36986521111113223232
36987181211114343343
36987841111224543252
36988121111114433343
36990251111114433333
36990541111112222222
36990851111114333343
36991561211223323333
36992081111114333333
36994591111223232232
36999731211112222333
37000281211113322233
37000781211114433343
37001321111112321231
37001721211114434343
37002561111113322222
37003911111113333333
37005471111113222222
37007301111112222222
37008871211114433243
37010481211113222232
37012271111113332333
37012931211112222222
37013001211114444444
37015361111112222122
37016411211115544444
37016491 11115544353
37017021111115544443
37017591111114443333
37017901111114433343
37018461111115543333
37018541111113333333
37020451211114443243
37021011211116654454
37021031211114433333
37021141211114343343
37021261211114443333
37026961111114443334
37027011111113333333
37027201211113333233
37027581211114433333
37027741211114333332
37028151211114445454
37029751211223333333
37031141211114433342
37031241111112222222
37031291211114444343
37033791211114344354
37034981211223333222
37041111111115444343
37043911211114444343
37045441211114333333
37045711111112222222
37046931111113323232
37047271211113333233
37048021211113333322
37048481211114433243
37050581211114333343
37053051211113332332
37054071111112222222
37054611111114443333
37054661111112223332
37055171111113333333
37055251221112222222
37055411111112222232
37055421111115544454
37056291211114444343
37056431211114333333
37056541111112223222
37059091211112333333
37059211211115544354
37059691111113233232
37059811111114333333
37059821111113333333
37061361211112213322
37062161111113333343
37064111211114433333
37065601211113322233
37066901211224433333
37069361211113222222
37070441211114444344
37070661211113322222
37070681211113332332
37071161211113333333
37073901211113433333
37073921211113333334
37076111111113222232
37076321211223333333
37077481211114333243
37083421211112233223
37091811211115433343
37092431111112223333
37092491211113333333
37092621211113322222
37093311211114343333
37093481111113333333
37094151211112322333
37094331211113323232
37094371211114444334
37094711211113333333
37094911211112222233
37096791111114333243
37098211111113222222
37098741111113333333
37100151211113323232
37100441111113233232
37100591211115433233
37101721211224344343
37102621211223333232
37102851211113333332
37103521211113333232
37103611111112211112
37104271211114433343
37104571211112222332
37106521211114433343
37107151111112222233
37107291111114443343
37109541211224444343
37112411121222122222
37112431111112322232
37112591211114334344
37112811211113333333
37114451211112121222
37116171111114444444
37117601211223433333
37120481211113333333
37125921111221112212
37126401211224433343
37126711111113233232
37127561211112233333
37127701111114434343
37128231211223333333
37129341211114343333
37130541211113433243
37132221111112222222
37133361211113343332
37135581111223232322
37135731111223332222
37139151111114333333
37139351211112222222
37141931111114333343
37145111211112222222
37146001211223332233
37146021211113332332
37148591111113333232
37148601111113333333
37149601111114433343
37150712211111112111
37157041211113333233
37157671111113333333
37159071211115544344
37159431211223333332
37160351111114333343
37160891111113332233
37161891212113223333
37162011112111211111
37162271211113322222
37163521211113222222
37163901211113333443
37163931111112212222
37165691211114333232
37167181111224444353
37168961111112222222
37169071211113323243
37169591211115554353
37169921211113333344
37170981111113333333
37171161211112232233
37171331211114333333
37171841211223333333
37172191211110100111
37172291211113332232
37175441211115544343
37177621111113223133
37177841211114433233
37178171111111212122
37178341211113221232
37178391211113222233
37182342111222211122
37185151211222222222
37186681111223334343
37187231111113323232
37189231111112323243
37189251211115544444
37189451111112223222
37189851111112222323
37189881211113333343
37193492111221111111
37194401211112122122
37195361211114444344
37195731211224444344
37195791111112233222
37199281111112222233
37200291111113333332
37200601211111111212
37202031111113333333
37202831111112222222
37203191211114443233
37203901111113333332
37203931211222222222
37205561212112122221
37206161211113233333
37206292111223333333
37209271211224443343
37209381111113322222
37209461211113323333
37213551211112222222
37213801111111111111
37215731111113222222
37217571111112212122
37218831111112222233
37220101211113322323
37220491211111112223
37222141211112222222
37223481111114333333
37224171211112223223
37225321211114444334
37225771211112222222
37227541211222222232
37229601211114433343
37229671111113223333
37231421211222112222
37236501111112222222
37238611211222222223
37240261111112122222
37240731111113333333
37244291111114444343
37246521211114443343
37246611211116655464
37247301111113223323
37248371111113332332
37249691111113322232
37249971111112222332
37250591111113332222
37252091111113333333
37253661111113333343
37253861211116654453
37255911211113323343
37255921111114333243
37256131211112222122
37256341211114433342
37258191211114343333
37258811211111111222
37259191211112222222
37260551111113322222
37260641211112223222
37264421111113333333
37270781211 14433343
37270971211113322242
37271251211113323332
37272221211114443343
37275431211222222322
37280701211112222222
37280711111112222222
37280911211112222222
37281031111112211111
37282031111 15455454
37289111211112322323
37292401211 14334434
37292771121222222223
37292912111222222222
37294081211223333333
37294891111112222223
37295271111113332222
37295461211114343343
37295511111111111111
37295731211113233333
37297031111113233233
37306231111112222222
37306551111113222232
37311791111112212222
37312561211113333333
37313281111113333333
37314391111112222222
37314431111113434434
37314781111112222222
37315991111113321222
37316271211114333233
37316311211114433333
37316331211113333343
37321681211114334233
37321691211113223333
37321881211113233232
37321951211115555463
37322001211114443343
37323611111114343232
37325781211114433343
37325861111113333332
37326571111113321233
37326631211222222223
37326871211112222222
37327311221222211111
37328791111112122222
37332601211114545454
37336561211114334343
37336571111113233232
37337051211115434444
37337131111114433343
37337161111115544444
37342551211113333233
37342941211113333343
37343391211115533343
37350401211114444343
37350461211114333343
37350752111224333333
37351061111113333333
37352521111112222222
37353311211114433332
37353421111113333233
37353781211113433343
37354061211114433353
37354321111113333333
37354501211114433343
37354792111221111121
37354972211224333243
37355381211111111111
37357391211113333333
37357581211113222223
37359821111114333233
37359961111113332323
37362281111112222222
37362711111113322233
37363431111113333333
37363501111112223233
37364571111112223343
37364891111114444343
37365211111112222222
37369151121222221222
37369511211114433343
37377631111113323233
37378601211116554454
37381551211113333333
37383121211112222322
37383491211112223232
37383681211116654353
37383981211113332232
37384101211114333333
37385091211113233333
37386461211112222222
37389611211113333332
37390981211113333333
37391081111113433243
37394272211222222232
37399191211222222222
37399441211115333332
37399771211114554443
37400081211112223333
37401622111222221111
37401701111112212222
37402461111112222233
37407141221222222222
37408451211111111211
37409261111113223222
37409391211114344432
37410511211115544353
37413041111112222223
37414381211113323333
37418051111113323333
37418751111223332232
37419841211113333333
37420941221223222233
37421671111115553343
37423661211113223333
37426151111111100000
37432531121222222121
37432771111113222232
37434051211112222122
37435331111 13222232
37436151211 12222333
37436392111222222222
37436711111223223222
37437151211112222232
37438131111113322222
37440431121223231222
37440461221222222333
3744277 111223222233
37442881111113333343
37443281111113233131
37444281111113323233
37444751221112222223
37445601211114433343
37449261111112222223
37449601111114434343
37449811 12112222222
37450281111112222232
37450311111113222223
37451971111114423332
37452211211 13222332
37459111211114333342
37463851111115544444
37464391211112122221
37464631211113332222
37465451211111111111
37467621211224443444
37467631111222223333
37467691111223333333
37470091111114443343
37470511111113222332
37470611111114433233
37470711111112222222
37471021111113323233
37471101111115544343
37471611111113223233
37471621111113232333
37473661211114433343
37477611211223232233
37477732111222222222
37478612211223221223
37483302211222222222
37484321111113222233
37484861111223333343
37484921111111111212
37485261111113222323
37485411211223434343
37485831111222222222
37487011111113323332
37487231111113333233
37489141111113333233
37491461221222212223
37491481121221111111
37491871121223221221
37492031221221112111
37494571121222111111
37500201211223332232
37503371111111111111
37520151211222222222
37643941121223332232
37714411111 14443243
37773741211113222222
37773751211113333333
37778481211113233233
37837901111111111222
37883771121112221221
38033661211114433244
38033731111112223223
38095991111 13232222
38132261211115554343
38176951221114443344
38247381221112122222
38260791211111010202
38310321111 16655464
38312691211114433321
38356241 11223333333
38497981221223322222
38498001221223332332
38498141121222322222
38498441121222112122
38543621211113332233
38641431211115542233
38682571211 12222222
38723431211 13223332
